2.728160173160173372e+02 3.927813852813851554e+02
2.718172234329597927e+02 3.928393037652727457e+02
2.708172404261090378e+02 3.928704534398716532e+02
2.698167784359289953e+02 3.928747398970833160e+02
2.688165691160894539e+02 3.928517868959938255e+02
2.678172719129208303e+02 3.928033175839530600e+02
2.668195460887182549e+02 3.927292042964150482e+02
2.658240360892921217e+02 3.926296487268314195e+02
2.648312137971386164e+02 3.925061372042882795e+02
2.638416360277547028e+02 3.923588463771623651e+02
2.628558909994551982e+02 3.921877691490703342e+02
2.618742641235935480e+02 3.919944666387586381e+02
2.608971475762338628e+02 3.917795036676198492e+02
2.599251013484341684e+02 3.915426586631824648e+02
2.589583395064817637e+02 3.912850976679677046e+02
2.579970931260735938e+02 3.910076606457497519e+02
2.570416299729346292e+02 3.907109064056044758e+02
2.560923222732225781e+02 3.903950059977165097e+02
2.551493924107075486e+02 3.900605504786215079e+02
2.542128980525498889e+02 3.897084819611523017e+02
2.532830082318728273e+02 3.893393210067426367e+02
2.523598722226514894e+02 3.889535763699539075e+02
2.514436209852830473e+02 3.885517442779466819e+02
2.505344685192765724e+02 3.881340947589782786e+02
2.496325003418548931e+02 3.877011491889023205e+02
2.487376999364771564e+02 3.872535801708201575e+02
2.478501369041919133e+02 3.867918264160699664e+02
2.469698691940059518e+02 3.863163126164337200e+02
2.460969441818096186e+02 3.858274494633375866e+02
2.452313996832421878e+02 3.853256337388385191e+02
2.443732649011220701e+02 3.848112484680532361e+02
2.435225613087194176e+02 3.842846631236160988e+02
2.426793034706677190e+02 3.837462338736468723e+02
2.418434998037122341e+02 3.831963038655745208e+02
2.410151532797906668e+02 3.826352035389771231e+02
2.401942620741542385e+02 3.820632509613637922e+02
2.393808201613739186e+02 3.814807521815365021e+02
2.385748178621519457e+02 3.808880015958251875e+02
2.377762423438835242e+02 3.802852823230916783e+02
2.369850780778962189e+02 3.796728665849459503e+02
2.362013072562451157e+02 3.790510160881109414e+02
2.354249101708636260e+02 3.784199824063219921e+02
2.346558655577761670e+02 3.777800073595430490e+02
2.338941509089661395e+02 3.771313233886392595e+02
2.331397427543725485e+02 3.764741539239608414e+02
2.323928019280410524e+02 3.758085085894392137e+02
2.316531862093532368e+02 3.751347353201927604e+02
2.309208234815975800e+02 3.744530870870464696e+02
2.301956885558956571e+02 3.737637558085257865e+02
2.294777563304886598e+02 3.730669260418770818e+02
2.287670019407026416e+02 3.723627753005800969e+02
2.280634008923626936e+02 3.716514743609642437e+02
2.273671501610125176e+02 3.709329757642344134e+02
2.266781617990576194e+02 3.702075118411074754e+02
2.259962758682324875e+02 3.694753698294650803e+02
2.253214703073618068e+02 3.687366970140353715e+02
2.246537239155335612e+02 3.679916352728382094e+02
2.239931048451996105e+02 3.672402443678386135e+02
2.233398754658399241e+02 3.664824209433095348e+02
2.226936660956973242e+02 3.657186048685062474e+02
2.220544594994037197e+02 3.649489191715758807e+02
2.214222395628802644e+02 3.641734825765990990e+02
2.207972848780421771e+02 3.633921773647637679e+02
2.201795311497398586e+02 3.626051678722615748e+02
2.195687411929413599e+02 3.618127429615222468e+02
2.189649036882262294e+02 3.610150063576292041e+02
2.183682329997284910e+02 3.602118933524048998e+02
2.177788657380578172e+02 3.594034066621723014e+02
2.171964429066293576e+02 3.585899045238393228e+02
2.166209583384831490e+02 3.577714782329709919e+02
2.160527372256211436e+02 3.569479909400526481e+02
2.154917666957606173e+02 3.561195489765407842e+02
2.149377422561968842e+02 3.552864466946497259e+02
2.143906630683815138e+02 3.544487651636323449e+02
2.138511318645044526e+02 3.536062019180180300e+02
2.133186526863971153e+02 3.527591665427006546e+02
2.127931429726960459e+02 3.519077892695841001e+02
2.122748981474105960e+02 3.510519686131735284e+02
2.117640858538838415e+02 3.501916922749782657e+02
2.112602797520989668e+02 3.493272951904789352e+02
2.107635309024819321e+02 3.484588209919940027e+02
2.102745441936934299e+02 3.475859530129781092e+02
2.097926129973362777e+02 3.467091718672505181e+02
2.093177500540007827e+02 3.458285409289571248e+02
2.088506378567722379e+02 3.449437737527680952e+02
2.083907902494221105e+02 3.440552112718549438e+02
2.079380768599526448e+02 3.431629919430250766e+02
2.074930854895827963e+02 3.422668952205030450e+02
2.070555675569580671e+02 3.413671277905743864e+02
2.066252622760723341e+02 3.404638882786314298e+02
2.062027143609204813e+02 3.395569925680463257e+02
2.057878093962616219e+02 3.386465765294561265e+02
2.053802078359372274e+02 3.377328670603054093e+02
2.049804598611148947e+02 3.368156931213076746e+02
2.045884879635455889e+02 3.358951707454403959e+02
2.042039223247736288e+02 3.349715294334732789e+02
2.038273643562265249e+02 3.340445933693286520e+02
2.034586818075718213e+02 3.331144985816549706e+02
2.030975201828708236e+02 3.321814570669582736e+02
2.027445753415481704e+02 3.312452753558774248e+02
2.023995737342545738e+02 3.303061392585040608e+02
2.020622191493549451e+02 3.293642281607228028e+02
2.017333428037898955e+02 3.284193226070341893e+02
2.014124478808604692e+02 3.274716788431428540e+02
2.010993370326072807e+02 3.265214330702708025e+02
2.007950156692439805e+02 3.255683356974149660e+02
2.004986858263706040e+02 3.246127256880991467e+02
2.002103560073146298e+02 3.236546693558769334e+02
1.999310371858931603e+02 3.226939475236003432e+02
1.996597615762850069e+02 3.217309255944538791e+02
1.993968492137643977e+02 3.207655848574813717e+02
1.991429390611455119e+02 3.197978383152481570e+02
1.988972352351267716e+02 3.188279767153570674e+02
1.986603005603394081e+02 3.178559338724889471e+02
1.984323341544179868e+02 3.168817503715233670e+02
1.982127451590841076e+02 3.159056441710075660e+02
1.980023718526566938e+02 3.149275091217832028e+02
1.978009075064003355e+02 3.139475024622305455e+02
1.976079983660447112e+02 3.129657742959957432e+02
1.974247901929199145e+02 3.119821891275515213e+02
1.972504054762643761e+02 3.109970037789864250e+02
1.970849198074945718e+02 3.100102822770817284e+02
1.969293357473046910e+02 3.090219517938734271e+02
1.967826227566091859e+02 3.080322672619004152e+02
1.966453262619967290e+02 3.070412304366601006e+02
1.965178084276921595e+02 3.060488895661936795e+02
1.963992418540491940e+02 3.050554392735996885e+02
1.962903926926311442e+02 3.040608758427705425e+02
1.961908231784872783e+02 3.030653426197935119e+02
1.961000196721743691e+02 3.020689696883239890e+02
1.960190795806607298e+02 3.010717466055090199e+02
1.959468771210896705e+02 3.000738550423425295e+02
1.958835082844539670e+02 2.990753613594770854e+02
1.958296404805554118e+02 2.980763108236030234e+02
1.957842197043166834e+02 2.970768414643160895e+02
1.957478066333595450e+02 2.960770017105018042e+02
1.957203245537623673e+02 2.950768781825292990e+02
1.957011039245389838e+02 2.940765607791001344e+02
1.956910691254283563e+02 2.930761082784705991e+02
1.956893970101898788e+02 2.920756087449806842e+02
1.956959608301811500e+02 2.910751273346193102e+02
1.957115803942868126e+02 2.900747467639065462e+02
1.957351558663068261e+02 2.890745231715263799e+02
1.957671735610792894e+02 2.880745326265278550e+02
1.958076675433372600e+02 2.870748507548260022e+02
1.958559461734816125e+02 2.860755138445224475e+02
1.959128749059060510e+02 2.850766316118749728e+02
1.959777128498105583e+02 2.840782332609717287e+02
1.960503245132174186e+02 2.830803683660816432e+02
1.961314889637544070e+02 2.820831631171342906e+02
1.962201643488071170e+02 2.810865986543375925e+02
1.963168411171937464e+02 2.800907771573751575e+02
1.964215115775975846e+02 2.790957653499513640e+02
1.965335445595845556e+02 2.781015548042169030e+02
1.966538023978522176e+02 2.771083049678450152e+02
1.967815179783659971e+02 2.761159880754382243e+02
1.969166407361080360e+02 2.751246510279721633e+02
1.970598390195750369e+02 2.741344487319236123e+02
1.972101689907585751e+02 2.731453047620940993e+02
1.973681364076837497e+02 2.721573504926974465e+02
1.975336707003550600e+02 2.711706370709992484e+02
1.977062160377158193e+02 2.701851246260577000e+02
1.978866174646867364e+02 2.692010194705977142e+02
1.980741105371074866e+02 2.682182422493759191e+02
1.982686812705264856e+02 2.672368402277051587e+02
1.984709602059794520e+02 2.662569984005623951e+02
1.986800684783084137e+02 2.652785919945679893e+02
1.988964645114881762e+02 2.643017703818073869e+02
1.991201397124137884e+02 2.633265909338506958e+02
1.993505541277627060e+02 2.623529812047062251e+02
1.995884464804466916e+02 2.613811709752317256e+02
1.998332322861583350e+02 2.604110755853016030e+02
2.000847348222550295e+02 2.594426983167585945e+02
2.003437710465643136e+02 2.584763091630948111e+02
2.006094174770626637e+02 2.575117173635143217e+02
2.008819454401921405e+02 2.565490458251541099e+02
2.011616864804337013e+02 2.555884462876830980e+02
2.014479798233280690e+02 2.546297794655755808e+02
2.017412904815249988e+02 2.536732352342737613e+02
2.020415470490967493e+02 2.527188496571450855e+02
2.023483104133670736e+02 2.517665351410974779e+02
2.026621945242974050e+02 2.508165431127753209e+02
2.029828144910250387e+02 2.498688045689771968e+02
2.033099083558752227e+02 2.489232798483572253e+02
2.036441904980094648e+02 2.479802720942201404e+02
2.039850594453195356e+02 2.470396267122843312e+02
2.043323822254884874e+02 2.461013438429546909e+02
2.046869210948610771e+02 2.451657635858117033e+02
2.050479628896403028e+02 2.442326751004374046e+02
2.054154515314724563e+02 2.433021053572811070e+02
2.057901402143371286e+02 2.423744111126013934e+02
2.061713176209381970e+02 2.414493657040107735e+02
2.065589482359983720e+02 2.405270045477922451e+02
2.069537144612692430e+02 2.396076744789940562e+02
2.073550297911494624e+02 2.386911859732683752e+02
2.077628183258383956e+02 2.377775584070566595e+02
2.081776246941803663e+02 2.368670949496049047e+02
2.085991204856105412e+02 2.359597104603549269e+02
2.090271234156660682e+02 2.350553768591412904e+02
2.094619675941540322e+02 2.341543116734027308e+02
2.099037273038170497e+02 2.332566177739693387e+02
2.103520423312225773e+02 2.323621802802659886e+02
2.108069571932593078e+02 2.314710795987402605e+02
2.112691058687533143e+02 2.305837091236931542e+02
2.117378725847644034e+02 2.296998187117553414e+02
2.122132863089399848e+02 2.288194851384085382e+02
2.126956311504837913e+02 2.279429287370751922e+02
2.131850316114016550e+02 2.270702930587763433e+02
2.136811617364551239e+02 2.262014669512722378e+02
2.141840573552849776e+02 2.253365382707209790e+02
2.146940575807378764e+02 2.244757785953795803e+02
2.152111441514984449e+02 2.236192585167352718e+02
2.157350992372565770e+02 2.227669238431584802e+02
2.162659657242505773e+02 2.219188758622194371e+02
2.168039356817278929e+02 2.210753146550923134e+02
2.173492485661246292e+02 2.202364823212161014e+02
2.179015963659175270e+02 2.194022672023207008e+02
2.184610290848524983e+02 2.185727868244823355e+02
2.190275985514191177e+02 2.177481633835655259e+02
2.196015543208204122e+02 2.169286626266045630e+02
2.201829676664644637e+02 2.161144370562255119e+02
2.207716664822291364e+02 2.153054650306286533e+02
2.213677094683594646e+02 2.145018893019543214e+02
2.219711570469346782e+02 2.137038585508657320e+02
2.225820713235062556e+02 2.129115276838494424e+02
2.232006790263517075e+02 2.121251877518898254e+02
2.238270184843355821e+02 2.113449936164580265e+02
2.244610004501041942e+02 2.105709987306732387e+02
2.251026926884836712e+02 2.098033851572707817e+02
2.257521642528008954e+02 2.090423428085294688e+02
2.264094853645852652e+02 2.082880698260277939e+02
2.270747272734604962e+02 2.075407729752093076e+02
2.277479620950788899e+02 2.068006680545510676e+02
2.284292626247722922e+02 2.060679803189630661e+02
2.291187021244092819e+02 2.053429449168535825e+02
2.298163826917935069e+02 2.046258355064494197e+02
2.305224028455199630e+02 2.039169357208746476e+02
2.312367574998787347e+02 2.032164364678175730e+02
2.319595186290449078e+02 2.025246150305720221e+02
2.326907571462985231e+02 2.018417608058271355e+02
2.334305424775071742e+02 2.011681757910890838e+02
2.341789420861124142e+02 2.005041750737914299e+02
2.349360209457354927e+02 1.998500873186262936e+02
2.357018570106819482e+02 1.992062746140183265e+02
2.364765974539259048e+02 1.985732062030103009e+02
2.372602166917611726e+02 1.979511644263806147e+02
2.380527629546443222e+02 1.973405401180188221e+02
2.388542782533669140e+02 1.967417400674153782e+02
2.396647974309018707e+02 1.961551873765813241e+02
2.404843471331521130e+02 1.955813217667993342e+02
2.413129446957298683e+02 1.950205998243970100e+02
2.421505969445469475e+02 1.944734951735473487e+02
2.429973491652444011e+02 1.939405799532800359e+02
2.438534318203184057e+02 1.934227884873628511e+02
2.447185297197947875e+02 1.929202114966425370e+02
2.455925912530482265e+02 1.924333944655190578e+02
2.464755466071030980e+02 1.919628991157688063e+02
2.473674811054433462e+02 1.915096550995019413e+02
2.482683697336486262e+02 1.910744853220580239e+02
2.491778167391515808e+02 1.906575048322105772e+02
2.500956568625110492e+02 1.902593350242555914e+02
2.510220475031430283e+02 1.898814884440826631e+02
2.519565197928929194e+02 1.895241060517473102e+02
2.528986955772029717e+02 1.891875564778842715e+02
2.538485786635520469e+02 1.888734220826241028e+02
2.548056738102070256e+02 1.885820084231602038e+02
2.557694432201231791e+02 1.883134860671210902e+02
2.567398334358178431e+02 1.880699804864223381e+02
2.577160289216739102e+02 1.878509207239686702e+02
2.586975986853231575e+02 1.876573660527991763e+02
2.596840645946103336e+02 1.874905533451459689e+02
2.606745938673594765e+02 1.873498587686179633e+02
2.616687573924968433e+02 1.872377047600548678e+02
2.626656219964969523e+02 1.871528840365895974e+02
2.636645246883752520e+02 1.870970141530517878e+02
2.646646247964163194e+02 1.870700341377356040e+02
2.656650849014004621e+02 1.870721731367837322e+02
2.666650382895506937e+02 1.871041592628603212e+02
2.676636958166882323e+02 1.871643162740733430e+02
2.686601266510195387e+02 1.872541186365462806e+02
2.696537329567265147e+02 1.873710950295892133e+02
2.706436335361279362e+02 1.875161267030061936e+02
2.716292642889852118e+02 1.876877996261592614e+02
2.726100152076231211e+02 1.878854639303109764e+02
2.735851370788716963e+02 1.881092613727204252e+02
2.745543889906855952e+02 1.883572551526345080e+02
2.755170081351109275e+02 1.886298665260873406e+02
2.764727160161388042e+02 1.889257979465303663e+02
2.774212810789978221e+02 1.892438937372749876e+02
2.783619631867291560e+02 1.895845997237622669e+02
2.792947878928195564e+02 1.899462602008449892e+02
2.802195698306782674e+02 1.903280252533836006e+02
2.811357854159068097e+02 1.907299196175185898e+02
2.820433706318563623e+02 1.911509397278196332e+02
2.829423316582063990e+02 1.915900731428698975e+02
2.838325326063331886e+02 1.920467124221147230e+02
2.847135380125330926e+02 1.925208534997113077e+02
2.855855038380653923e+02 1.930114172377459170e+02
2.864484524065309188e+02 1.935176739656376412e+02
2.873023342849404003e+02 1.940390807529709321e+02
2.881471163120807546e+02 1.945751114397520780e+02
2.889826184299764691e+02 1.951254982042815698e+02
2.898088815661134845e+02 1.956896591693507332e+02
2.906260515945493808e+02 1.962669104220657914e+02
2.914341467924876952e+02 1.968567980076419985e+02
2.922331945608756314e+02 1.974588847879342097e+02
2.930232303284832938e+02 1.980727501815192682e+02
2.938042965394050725e+02 1.986979898453211035e+02
2.945764417209884982e+02 1.993342153083230244e+02
2.953397196287374982e+02 1.999810535667844817e+02
2.960941884644153106e+02 2.006381466493187418e+02
2.968399101633623332e+02 2.013051511591919223e+02
2.975769497469264024e+02 2.019817378002870782e+02
2.983053747358678720e+02 2.026675908923312193e+02
2.990252546206257307e+02 2.033624078802155566e+02
2.997366603844071165e+02 2.040658988415425483e+02
3.004396640751778023e+02 2.047777859959077773e+02
3.011343384227763522e+02 2.054978032188659824e+02
3.018207564975396053e+02 2.062256955630324740e+02
3.024989914070094983e+02 2.069612187883321326e+02
3.031691160274809249e+02 2.077041389030225673e+02
3.038312027673445641e+02 2.084542317167792760e+02
3.044853233593744335e+02 2.092112824068368582e+02
3.051315486793038190e+02 2.099750850979272059e+02
3.057699485882215527e+02 2.107454424565365230e+02
3.064003409891745378e+02 2.115223665389938219e+02
3.070229807775561994e+02 2.123055157843385530e+02
3.076379772929203114e+02 2.130946801242606625e+02
3.082453955531105976e+02 2.138896917651806007e+02
3.088452990320249114e+02 2.146903897102273220e+02
3.094377496016256828e+02 2.154966194369228560e+02
3.100226295111935428e+02 2.163083594783489048e+02
3.105999278663441601e+02 2.171255078287696847e+02
3.111699309407959504e+02 2.179477601314063122e+02
3.117326940935286643e+02 2.187749842850464574e+02
3.122882709105401204e+02 2.196070532958628405e+02
3.128365042545503911e+02 2.204439804778361349e+02
3.133773539963569306e+02 2.212856970543320188e+02
3.139111508499829029e+02 2.221319026518332862e+02
3.144379414460909175e+02 2.229824880102477209e+02
3.149577226588949657e+02 2.238373767617845829e+02
3.154700654008218521e+02 2.246967438976406015e+02
3.159755152829974350e+02 2.255601813478571387e+02
3.164741119604016149e+02 2.264275945331720266e+02
3.169657927332873442e+02 2.272989483846545795e+02
3.174501706573756223e+02 2.281743824670240031e+02
3.179277886758642353e+02 2.290535213156147734e+02
3.183986796267332693e+02 2.299362824751654557e+02
3.188625249687170253e+02 2.308227671915649069e+02
3.193193759190829155e+02 2.317128754527259389e+02
3.197695733648980081e+02 2.326063668508823525e+02
3.202130767980595465e+02 2.335032015994525239e+02
3.206493303558224284e+02 2.344035849964926115e+02
3.210789895859708167e+02 2.353071322370780933e+02
3.215020760031924851e+02 2.362137771159313218e+02
3.219179910627057666e+02 2.371237345909291889e+02
3.223272263511531150e+02 2.380367140659472511e+02
3.227299293256901365e+02 2.389525943873540541e+02
3.231255809372859176e+02 2.398715436526443625e+02
3.235144662942865352e+02 2.407933752798755620e+02
3.238968462694568871e+02 2.417179248304703094e+02
3.242722084309397133e+02 2.426453466456030981e+02
3.246407784153501552e+02 2.435754873144443593e+02
3.250028567342595238e+02 2.445081747214592269e+02
3.253578694610342836e+02 2.454435751526100375e+02
3.257061200131620922e+02 2.463815127741220010e+02
3.260478797439706682e+02 2.473218357573072410e+02
3.263824494053615126e+02 2.482647414735144480e+02
3.267103386749139986e+02 2.492099895409701560e+02
3.270317254250815608e+02 2.501574696428917264e+02
3.273457251196528546e+02 2.511074235065302105e+02
3.276531742752699188e+02 2.520595160824484537e+02
3.279539184334421975e+02 2.530137492671047994e+02
3.282473669502039115e+02 2.539702506938948829e+02
3.285342609669469311e+02 2.549287377485242700e+02
3.288141540078261187e+02 2.558892937162250689e+02
3.290869407399482611e+02 2.568518908362376578e+02
3.293531291695387040e+02 2.578163338707500998e+02
3.296119585433671659e+02 2.587827785078727629e+02
3.298639098491198638e+02 2.597510376015937936e+02
3.301091186323609463e+02 2.607210276010778216e+02
3.303467291572353588e+02 2.616929065246457071e+02
3.305776372320324299e+02 2.626663985752675217e+02
3.308013639017930245e+02 2.636415673043997572e+02
3.310177639436809045e+02 2.646183869174549272e+02
3.312273876303392512e+02 2.655966837161136596e+02
3.314293377023497555e+02 2.665765938388236691e+02
3.316242643029764849e+02 2.675579237485880526e+02
3.318120915582600787e+02 2.685406386095791618e+02
3.319921791790627026e+02 2.695248005450908408e+02
3.321653375256022400e+02 2.705102048629128149e+02
3.323308397245368155e+02 2.714969248765335124e+02
3.324889352568171148e+02 2.724848572549909136e+02
3.326399373892110702e+02 2.734739001550960893e+02
3.327828059764049158e+02 2.744641504468651760e+02
3.329185639072197205e+02 2.754553993567218413e+02
3.330466171947560383e+02 2.764476742351048415e+02
3.331668918011635014e+02 2.774409207016344681e+02
3.332799379923642960e+02 2.784350169150961847e+02
3.333846282569778623e+02 2.794300280172537327e+02
3.334819165259731335e+02 2.804257884836709991e+02
3.335714042830716721e+02 2.814222817008499078e+02
3.336527386226320004e+02 2.824194723769401207e+02
3.337266224731097850e+02 2.834172432645693789e+02
3.337920173791546290e+02 2.844156070360106696e+02
3.338496905205828398e+02 2.854144450001784321e+02
3.338995636079884548e+02 2.864137044401176695e+02
3.339411344518586020e+02 2.874133428682004592e+02
3.339753149432835357e+02 2.884132612973027108e+02
3.340012870159615659e+02 2.894134274881058673e+02
3.340196203326951832e+02 2.904137613692836339e+02
3.340304758815038326e+02 2.914142059260892097e+02
3.340331276438789132e+02 2.924147053517240238e+02
3.340285777652454158e+02 2.934151974151547506e+02
3.340161480786657648e+02 2.944156236790835806e+02
3.339961490025689841e+02 2.954159259201766758e+02
3.339689812123447155e+02 2.964160606364116006e+02
3.339336822256477717e+02 2.974159412271322367e+02
3.338913489571977493e+02 2.984155476025550797e+02
3.338414575142697345e+02 2.994148064712405812e+02
3.337840298811403841e+02 3.004136594346782658e+02
3.337196537962884690e+02 3.014120896877369660e+02
3.336473501771329779e+02 3.024099774454621752e+02
3.335680675389338035e+02 3.034073335879038495e+02
3.334815547094145813e+02 3.044040899350134168e+02
3.333874838625587245e+02 3.054001605688149539e+02
3.332865919636070089e+02 3.063955636104215046e+02
3.331781245886321017e+02 3.073901703933235012e+02
3.330626007342514754e+02 3.083839809544230093e+02
3.329401961383277921e+02 3.093769689184833851e+02
3.328101371560460393e+02 3.103689830433510224e+02
3.326733566754890035e+02 3.113600918946572165e+02
3.325293829570694584e+02 3.123501825332927524e+02
3.323781897793745657e+02 3.133391954072579324e+02
3.322203178673295838e+02 3.143271648056964978e+02
3.320549715684652483e+02 3.153139113138084895e+02
3.318827880400521622e+02 3.162994863869180335e+02
3.317038413242652837e+02 3.172838573623963043e+02
3.315174056889018175e+02 3.182668371558389708e+02
3.313243427001439727e+02 3.192485358675148746e+02
3.311242832471295969e+02 3.202288339193107731e+02
3.309170323340572395e+02 3.212076359218646076e+02
3.307031667800504238e+02 3.221850139983887402e+02
3.304821113756467525e+02 3.231607919395268596e+02
3.302540989501114836e+02 3.241349664712940353e+02
3.300194726789267747e+02 3.251075700459827544e+02
3.297775064449849083e+02 3.260783740931884722e+02
3.295287505516077431e+02 3.270474591875814667e+02
3.292733692848959777e+02 3.280148206963241364e+02
3.290105449558321311e+02 3.289801867362779717e+02
3.287410268234365844e+02 3.299437038684345112e+02
3.284648590383516193e+02 3.309053376665719952e+02
3.281811962575753796e+02 3.318647873282667433e+02
3.278908591616056469e+02 3.328222368269941285e+02
3.275938349295440730e+02 3.337776344663852228e+02
3.272893195640028239e+02 3.347306709550670689e+02
3.269780676468133720e+02 3.356815270324522658e+02
3.266600774320418736e+02 3.366301521299211572e+02
3.263346609095719941e+02 3.375762557730328695e+02
3.260023579672997585e+02 3.385199610978653482e+02
3.256632513975744132e+02 3.394612437179862923e+02
3.253168500792750706e+02 3.403998671682575150e+02
3.249633183341994709e+02 3.413358269008446655e+02
3.246029029664719019e+02 3.422691573672188383e+02
3.242353975752584461e+02 3.431997204026067720e+02
3.238604164650946018e+02 3.441272955994854783e+02
3.234784565830066754e+02 3.450520176394018108e+02
3.230894782814264090e+02 3.459738104899348059e+02
3.226929967514729469e+02 3.468924017817354297e+02
3.222892122483140724e+02 3.478078048996302414e+02
3.218782930904530986e+02 3.487200270916755471e+02
3.214601922706436881e+02 3.496289817040915864e+02
3.210343431975744011e+02 3.505343324280807451e+02
3.206011415573239560e+02 3.514361862758531174e+02
3.201606201495876576e+02 3.523344869783398394e+02
3.197127242894579240e+02 3.532291349883841463e+02
3.192570222100912360e+02 3.541198328266582394e+02
3.187936757679200923e+02 3.550065764339489078e+02
3.183227944125256954e+02 3.558893408893426908e+02
3.178443155941878899e+02 3.567680110457268370e+02
3.173581747182802815e+02 3.576424672743867177e+02
3.168638478558722795e+02 3.585123221765630319e+02
3.163617333967597460e+02 3.593777029622979740e+02
3.158517683284294435e+02 3.602384798104732226e+02
3.153338802727761276e+02 3.610945133499961912e+02
3.148079948657737077e+02 3.619456585271399263e+02
3.142739236297229581e+02 3.627916927113305974e+02
3.137314576961820762e+02 3.636323682136335833e+02
3.131807795568255415e+02 3.644676855035258995e+02
3.126218078085329353e+02 3.652974746979941187e+02
3.120544593445103487e+02 3.661215587592106431e+02
3.114786494455948400e+02 3.669397531521909741e+02
3.108942918888342319e+02 3.677518654894321344e+02
3.103012990752228575e+02 3.685576951627389235e+02
3.096995821786207443e+02 3.693570329625832187e+02
3.090888991728056112e+02 3.701495420067150803e+02
3.084693053251951369e+02 3.709351026435234076e+02
3.078407399206676587e+02 3.717135019057826071e+02
3.072031117577640771e+02 3.724844937719381619e+02
3.065563295348055135e+02 3.732478216628090308e+02
3.059003021694862809e+02 3.740032180090148017e+02
3.052349391573670232e+02 3.747504038143146659e+02
3.045601509724787661e+02 3.754890882173376099e+02
3.038758495133623683e+02 3.762189680546346722e+02
3.031819485979613660e+02 3.769397274284861510e+02
3.024783645108459496e+02 3.776510372834519558e+02
3.017650166062658741e+02 3.783525549962637342e+02
3.010418279705029363e+02 3.790439239843218502e+02
3.003087261468975839e+02 3.797247733387812900e+02
2.995656212792379165e+02 3.803946919822103041e+02
2.988122799482909500e+02 3.810530771957762681e+02
2.980488165424058025e+02 3.816996937245863819e+02
2.972751858681409658e+02 3.823341072043533018e+02
2.964913520843907122e+02 3.829558676766891381e+02
2.956972898805232148e+02 3.835645095610412909e+02
2.948929857304383404e+02 3.841595517207070429e+02
2.940784392209146176e+02 3.847404976362485058e+02
2.932533740836182119e+02 3.853064051277534077e+02
2.924179823724628591e+02 3.858569487375233393e+02
2.915724260758815376e+02 3.863917445247126352e+02
2.907167750987694603e+02 3.869102357709522266e+02
2.898510871547450165e+02 3.874117947433728659e+02
2.889750524885434970e+02 3.878950522785723933e+02
2.880892655176556332e+02 3.883601827860329649e+02
2.871938953008967701e+02 3.888065869296358983e+02
2.862889594004783476e+02 3.892332685968407304e+02
2.853745347356177717e+02 3.896392120400112162e+02
2.844512276125445283e+02 3.900245174416447185e+02
2.835192793092297165e+02 3.903884314334032410e+02
2.825786409372523167e+02 3.907292511064083556e+02
2.816301481518735272e+02 3.910475451507810476e+02
2.806741365012385927e+02 3.913424942630028340e+02
2.797107661274314410e+02 3.916124363771901358e+02
2.787409242053452090e+02 3.918581001232522567e+02
2.777649947728592110e+02 3.920783402285390480e+02
2.767834876769802008e+02 3.922722114174666785e+02
2.757972415388268814e+02 3.924403180590309717e+02
2.748067180023661535e+02 3.925810377129874382e+02
2.738127206699522276e+02 3.926946349876786826e+02
