1.841580086580086117e+02 2.369372294372293766e+02
1.845982787635898035e+02 2.360390484415546553e+02
1.850636583218318663e+02 2.351536159720447188e+02
1.855554153555704886e+02 2.342825554205904268e+02
1.860707541275683923e+02 2.334252347171551776e+02
1.866106440972284588e+02 2.325831577333494238e+02
1.871725757919685691e+02 2.317556257995192652e+02
1.877570485692981492e+02 2.309438570057967866e+02
1.883620915239128522e+02 2.301473002253991069e+02
1.889875374071466467e+02 2.293666610952645897e+02
1.896322040778654525e+02 2.286018153112887035e+02
1.902950632234060606e+02 2.278526786700253979e+02
1.909759475149247123e+02 2.271198835461624128e+02
1.916731550711591012e+02 2.264026002822924966e+02
1.923866366106273063e+02 2.257015010882660420e+02
1.931153114806533040e+02 2.250162058170886326e+02
1.938581577227969319e+02 2.243462941276728202e+02
1.946151417555745979e+02 2.236923981483112129e+02
1.953851393770949869e+02 2.230538790358164363e+02
1.961673713570742450e+02 2.224304053117241153e+02
1.969615271202764006e+02 2.218221886794992201e+02
1.977670830713941257e+02 2.212291534756711826e+02
1.985831639700510038e+02 2.206506888331950904e+02
1.994092708055802063e+02 2.200866310744705743e+02
2.002450543896209467e+02 2.195370089446342377e+02
2.010901599931297312e+02 2.190018309493416950e+02
2.019438699352093920e+02 2.184804910831054201e+02
2.028057709404804712e+02 2.179728071675453691e+02
2.036754685075019324e+02 2.174785953030333303e+02
2.045525862391368150e+02 2.169976707454308098e+02
2.054368560966063342e+02 2.165300235719359137e+02
2.063279201832638137e+02 2.160754564456234732e+02
2.072253469874146958e+02 2.156335860215420723e+02
2.081288283848325023e+02 2.152042321123031456e+02
2.090380707000010148e+02 2.147872168216148907e+02
2.099527940310925374e+02 2.143823649324079099e+02
2.108727315896576897e+02 2.139895042389771618e+02
2.117976290574443397e+02 2.136084658284003126e+02
2.127272439622233833e+02 2.132390843161641385e+02
2.136613450740327096e+02 2.128811980405976101e+02
2.145997118228484908e+02 2.125346492203818514e+02
2.155421337383481273e+02 2.121992840790811954e+02
2.164884099121371719e+02 2.118749529403273186e+02
2.174383484825671076e+02 2.115615102969885299e+02
2.183917661420649949e+02 2.112588148573660476e+02
2.193484876667272943e+02 2.109667295711944348e+02
2.203083454677926056e+02 2.106851216379631069e+02
2.212711791644966013e+02 2.104138624998425655e+02
2.222368351777268174e+02 2.101528278212776399e+02
2.232051663438269600e+02 2.099018974571032459e+02
2.241760315478519487e+02 2.096609554108533473e+02
2.251492953755394524e+02 2.094298897847580179e+02
2.261248277832422389e+02 2.092085927227659852e+02
2.271025133887733034e+02 2.089970058449480348e+02
2.280822724672227935e+02 2.087952387095962479e+02
2.290639361901682776e+02 2.086029581532435202e+02
2.300473924780800985e+02 2.084200713120761179e+02
2.310325332443600814e+02 2.082464890482467297e+02
2.320192541535328132e+02 2.080821258706966717e+02
2.330074543923800547e+02 2.079268998548964476e+02
2.339970364533236591e+02 2.077807325620113943e+02
2.349879423336027457e+02 2.076438225152847963e+02
2.359800584785657804e+02 2.075159854458597408e+02
2.369732747889300697e+02 2.073970062607430407e+02
2.379675046728147834e+02 2.072868194014544372e+02
2.389626639298019199e+02 2.071853624226357056e+02
2.399586705926042214e+02 2.070925759136540307e+02
2.409554795969759198e+02 2.070088443665096634e+02
2.419529749497154398e+02 2.069337494660032633e+02
2.429510745795407445e+02 2.068671768975275143e+02
2.439497037138120561e+02 2.068090785161736846e+02
2.449487891326587885e+02 2.067594088629071223e+02
2.459482767450875542e+02 2.067186187218235034e+02
2.469480712145229688e+02 2.066862573898088442e+02
2.479480997561486504e+02 2.066622154983549819e+02
2.489482939381277049e+02 2.066464576181616906e+02
2.499485868778220663e+02 2.066391510030209133e+02
2.509489049192254697e+02 2.066404834023757360e+02
2.519491771369753508e+02 2.066500185310404447e+02
2.529493382887661141e+02 2.066677300918673836e+02
2.539493220960367807e+02 2.066936494866280043e+02
2.549490412023406805e+02 2.067283010395244958e+02
2.559484441398127501e+02 2.067710733587327354e+02
2.569474674737421651e+02 2.068219484468489213e+02
2.579460455700891544e+02 2.068809502105723368e+02
2.589440697048566449e+02 2.069486771915968006e+02
2.599415116270814679e+02 2.070244746342556823e+02
2.609383084951696219e+02 2.071083320638551299e+02
2.619343842632571295e+02 2.072003775779585624e+02
2.629296240670204838e+02 2.073010556027719247e+02
2.639240152360700904e+02 2.074097825042792635e+02
2.649174944365896636e+02 2.075265545930158737e+02
2.659099547392899012e+02 2.076517013203889803e+02
2.669013096670001346e+02 2.077853141943635649e+02
2.678915449202471564e+02 2.079269802255343222e+02
2.688805956882175678e+02 2.080767017914479027e+02
2.698682955159662811e+02 2.082350940458046580e+02
2.708546374809847066e+02 2.084017226937832561e+02
2.718395802233008567e+02 2.085764317915783010e+02
2.728230251308580137e+02 2.087593936537233787e+02
2.738048045865128302e+02 2.089510882296092404e+02
2.747849628194707066e+02 2.091508993690601130e+02
2.757634301721645329e+02 2.093588383145186640e+02
2.767400097471635831e+02 2.095754739793325996e+02
2.777146812266161646e+02 2.098005312961981019e+02
2.786874281885466758e+02 2.100337654691735167e+02
2.796581351845362065e+02 2.102753570003162338e+02
2.806265877778259323e+02 2.105258302047911059e+02
2.815928717055522839e+02 2.107845372706503895e+02
2.825569100297811360e+02 2.110514958143212141e+02
2.835184379356226714e+02 2.113273622999793417e+02
2.844774811704351123e+02 2.116117394905861318e+02
2.854340190463442468e+02 2.119044333597164780e+02
2.863878795957202783e+02 2.122057438780326777e+02
2.873388659820774933e+02 2.125160029859810891e+02
2.882870740364768380e+02 2.128346479549941535e+02
2.892324175488418518e+02 2.131616997626426269e+02
2.901745150829170257e+02 2.134979882936635533e+02
2.911135214057271128e+02 2.138428071523623260e+02
2.920493715325000039e+02 2.141961043069518382e+02
2.929817887688053588e+02 2.145583685770712918e+02
2.939106764590736702e+02 2.149295847892328766e+02
2.948361012231691234e+02 2.153093497163098675e+02
2.957579120134482196e+02 2.156978107672704255e+02
2.966757173477873266e+02 2.160956414677997373e+02
2.975897375307201287e+02 2.165020877278496982e+02
2.984998709720409238e+02 2.169171684661646111e+02
2.994056810327287508e+02 2.173416030785072337e+02
3.003072724644263189e+02 2.177749211610073701e+02
3.012046695321606080e+02 2.182168611874247688e+02
3.020976401863704837e+02 2.186676827693981124e+02
3.029860372734769953e+02 2.191274485323448289e+02
3.038700863689774110e+02 2.195955180809340277e+02
3.047497253504106425e+02 2.200718294248271718e+02
3.056244744867335044e+02 2.205570623431685249e+02
3.064947409270963021e+02 2.210502850946418505e+02
3.073604867360945718e+02 2.215514033070590756e+02
3.082213350292591940e+02 2.220608910282954014e+02
3.090774308850513989e+02 2.225783207814596665e+02
3.099288898154700291e+02 2.231033461786334158e+02
3.107755018088982411e+02 2.236361556582532444e+02
3.116170790198012810e+02 2.241768806034228305e+02
3.124539144088142848e+02 2.247249135737006043e+02
3.132859699025948430e+02 2.252801810093394295e+02
3.141127135130569741e+02 2.258433268747700424e+02
3.149346195619931450e+02 2.264135061949624799e+02
3.157516602754370183e+02 2.269906378177359443e+02
3.165634487680709412e+02 2.275751358034378029e+02
3.173701440575562174e+02 2.281666405003547027e+02
3.181718868552118238e+02 2.287648409587098399e+02
3.189684669013231542e+02 2.293699020325880156e+02
3.197596881646805969e+02 2.299819524552754615e+02
3.205458740515659883e+02 2.306004560247255881e+02
3.213269993521949459e+02 2.312253418584185454e+02
3.221024961669983782e+02 2.318571992891593254e+02
3.228728763985835712e+02 2.324952819879358685e+02
3.236381156017552598e+02 2.331395227225443136e+02
3.243978396741908341e+02 2.337902595863372142e+02
3.251521701557409756e+02 2.344472388735953530e+02
3.259012790343307984e+02 2.351101656709798249e+02
3.266450016764210886e+02 2.357791320012278788e+02
3.273830375986649415e+02 2.364543660570039094e+02
3.281157694417357220e+02 2.371353504763227420e+02
3.288431700447881099e+02 2.378220286992477099e+02
3.295647519385014448e+02 2.385148195114168743e+02
3.302808524405540993e+02 2.392132723497327618e+02
3.309915338304870716e+02 2.399172388539702467e+02
3.316965627550009685e+02 2.406268681985162345e+02
3.323957650419065999e+02 2.413422380733208854e+02
3.330894544945996927e+02 2.420629537504136124e+02
3.337775988868605168e+02 2.427889677254088099e+02
3.344597015466390530e+02 2.435206614700393288e+02
3.351361072104842833e+02 2.442576228098022284e+02
3.358068635044895132e+02 2.449997298803647254e+02
3.364717996114118819e+02 2.457470583094541894e+02
3.371306056269523310e+02 2.464997955270704324e+02
3.377836481876087760e+02 2.472575367240636979e+02
3.384308869642337072e+02 2.480202423767026687e+02
3.390719878798472564e+02 2.487881157085232644e+02
3.397069603802818278e+02 2.495610630299458421e+02
3.403359990431936808e+02 2.503388462278636837e+02
3.409590574254358444e+02 2.511214297314817259e+02
3.415757126534321060e+02 2.519090693776990975e+02
3.421861450658749959e+02 2.527015398718009180e+02
3.427904478393352861e+02 2.534986938651092601e+02
3.433885672329234353e+02 2.543004992729354115e+02
3.439800847261889771e+02 2.551071881356336348e+02
3.445651659599291747e+02 2.559185556171266001e+02
3.451438915111033339e+02 2.567344678969429310e+02
3.457161990203861706e+02 2.575548958384582647e+02
3.462817893532835569e+02 2.583799699972414601e+02
3.468405844583081716e+02 2.592096602751934142e+02
3.473927622368123025e+02 2.600437679586003128e+02
3.479382502178374352e+02 2.608822662204302105e+02
3.484769730921267410e+02 2.617251286581593490e+02
3.490084383651437179e+02 2.625725862504219208e+02
3.495329465038734611e+02 2.634243654864250743e+02
3.500504497594905047e+02 2.642804179326211624e+02
3.505608605259421893e+02 2.651407184990067094e+02
3.510640877392555694e+02 2.660052422431248829e+02
3.515596950364213171e+02 2.668741570113875241e+02
3.520478651521276561e+02 2.677472702110212595e+02
3.525285629642999652e+02 2.686245185175172310e+02
3.530016825096964794e+02 2.695058769579296722e+02
3.534671136222883092e+02 2.703913203194347261e+02
3.539247417607931538e+02 2.712808230554322222e+02
3.543741615519612083e+02 2.721745013656142760e+02
3.548154888474172139e+02 2.730722021784008007e+02
3.552486518393054098e+02 2.739738697185477463e+02
3.556735172854861844e+02 2.748794760857635993e+02
3.560899466497329513e+02 2.757889924489885516e+02
3.564977958899406758e+02 2.767023888976284525e+02
3.568969152392620572e+02 2.776196342804809092e+02
3.572871489802721499e+02 2.785406960313289346e+02
3.576682443197223620e+02 2.794655768844242516e+02
3.580400131136813116e+02 2.803942453667729637e+02
3.584024089298828812e+02 2.813266103519594026e+02
3.587552509919174213e+02 2.822626317754044294e+02
3.590983514203354616e+02 2.832022670729676861e+02
3.594315149746838074e+02 2.841454709058896810e+02
3.597545387916852633e+02 2.850921948636006391e+02
3.600672121205211624e+02 2.860423871427848894e+02
3.603693160563660172e+02 2.869959922010173159e+02
3.606606232735329627e+02 2.879529503832154091e+02
3.609408977598313299e+02 2.889131975190887260e+02
3.612098945540004706e+02 2.898766644897115157e+02
3.614673594883848864e+02 2.908432767613043666e+02
3.617130289393461453e+02 2.918129538842844681e+02
3.619466295882751865e+02 2.927856089556380539e+02
3.621678781964714631e+02 2.937611480426909907e+02
3.623764813976015944e+02 2.947394695664029882e+02
3.625721355119341638e+02 2.957204636424011142e+02
3.627543459939840886e+02 2.967040435894586494e+02
3.629227891894316826e+02 2.976900731970850416e+02
3.630772579734738770e+02 2.986783863652424316e+02
3.632174035698983516e+02 2.996688305367987937e+02
3.633428664309451506e+02 3.006612406602478131e+02
3.634532763176463845e+02 3.016554382361608191e+02
3.635482524510420035e+02 3.026512303163588058e+02
3.636268783294892728e+02 3.036484462659227574e+02
3.636890661249588561e+02 3.046468194724055252e+02
3.637345476617855411e+02 3.056460911459478211e+02
3.637629007620175798e+02 3.066459959123760086e+02
3.637733144375355891e+02 3.076462488315831934e+02
3.637651140011753341e+02 3.086465206410460951e+02
3.637383933822449080e+02 3.096464666427853558e+02
3.636927014669560663e+02 3.106457275411577825e+02
3.636264302364769492e+02 3.116438337024212615e+02
3.635401347739506832e+02 3.126404044219358980e+02
3.634333972483113371e+02 3.136349953195616536e+02
3.633043606074192553e+02 3.146269383246147981e+02
3.631539097830123524e+02 3.156158560504741217e+02
3.629809489279700188e+02 3.166010847580485006e+02
3.627846892629302715e+02 3.175819372367445226e+02
3.625655927379867762e+02 3.185579430550073994e+02
3.623215671207562423e+02 3.195280149439494721e+02
3.620539190562062686e+02 3.204918342867050001e+02
3.617607137748310038e+02 3.214481858181447933e+02
3.614428327092572886e+02 3.223966203617264341e+02
3.610988486043654575e+02 3.233358988137746906e+02
3.607294491390355233e+02 3.242654765908094419e+02
3.603334499302499125e+02 3.251840337137642791e+02
3.599116882834223929e+02 3.260910525808403690e+02
3.594629685207956982e+02 3.269850373758170576e+02
3.589885379591439687e+02 3.278656498601426961e+02
3.584870358144530655e+02 3.287311282543320772e+02
3.579604875715166941e+02 3.295816050421225896e+02
3.574078091378229942e+02 3.304153387871957079e+02
3.568316229662427190e+02 3.312330024917638980e+02
3.562311287022744182e+02 3.320329873581242168e+02
3.556086853103766430e+02 3.328160145104032495e+02
3.549638593330553249e+02 3.335807188481454091e+02
3.542988020725225624e+02 3.343278948232204471e+02
3.536132313897660424e+02 3.350562982361740865e+02
3.529092887920816679e+02 3.357669644728795788e+02
3.521865783039957023e+02 3.364585388434487641e+02
3.514472561960500911e+02 3.371323262354223402e+02
3.506911171819232322e+02 3.377871863975635733e+02
3.499198089595371357e+02 3.384241108960883366e+02
3.491337792917672687e+02 3.390427775459714326e+02
3.483337697810522968e+02 3.396432601157379736e+02
3.475209959064419536e+02 3.402263543287950824e+02
3.466954442065951980e+02 3.407912143874239632e+02
3.458584158117224092e+02 3.413389221584349116e+02
3.450106105719647758e+02 3.418698028320567914e+02
3.441520569804712295e+02 3.423831214598637303e+02
3.432839146911682633e+02 3.428800472740713303e+02
3.424067360226758865e+02 3.433608468063433747e+02
3.415208040153411844e+02 3.438253237094685915e+02
3.406266720232214311e+02 3.442738121528570900e+02
3.397250036517741023e+02 3.447069481205684269e+02
3.388162317501579537e+02 3.451249792161688106e+02
3.379007161715737197e+02 3.455280338154313426e+02
3.369787194420479750e+02 3.459160345629150584e+02
3.360508335087532146e+02 3.462897283363582801e+02
3.351174082560938814e+02 3.466493618521985809e+02
3.341787758848115004e+02 3.469951796376782909e+02
3.332352517004967467e+02 3.473274234035030190e+02
3.322871348967830158e+02 3.476463315019236688e+02
3.313346614493340212e+02 3.479519858871015572e+02
3.303781200938787492e+02 3.482446604542445243e+02
3.294178132476975520e+02 3.485247300724855677e+02
3.284539809809003259e+02 3.487924142478842100e+02
3.274868510982382190e+02 3.490479274597504400e+02
3.265166398007922339e+02 3.492914789989057454e+02
3.255435523219330776e+02 3.495232728462074192e+02
3.245677835369787090e+02 3.497435075867751380e+02
3.235895185462989616e+02 3.499523763557305642e+02
3.226089332318848051e+02 3.501500668116225938e+02
3.216261947876227509e+02 3.503367611340488565e+02
3.206414622236986247e+02 3.505126360423112715e+02
3.196548868456976606e+02 3.506778628322376790e+02
3.186666127090852001e+02 3.508326074285903360e+02
3.176767770498411210e+02 3.509770304507374021e+02
3.166855106920839944e+02 3.511112872895072883e+02
3.156929384335715554e+02 3.512355281933640185e+02
3.146991794099897675e+02 3.513498983622490641e+02
3.137043312664563928e+02 3.514543760564457671e+02
3.127085134470102616e+02 3.515491598937508684e+02
3.117118393604848734e+02 3.516344602806490798e+02
3.107144092790345553e+02 3.517104039962811726e+02
3.097163193120238702e+02 3.517771132637249707e+02
3.087176616664350490e+02 3.518347058656833610e+02
3.077185248921456946e+02 3.518832952606511526e+02
3.067189941129159365e+02 3.519229906989536971e+02
3.057191465896157183e+02 3.519537182720887358e+02
3.047190655378909128e+02 3.519755321499615093e+02
3.037188349019426710e+02 3.519887418240467696e+02
3.027185284601512194e+02 3.519934412667303150e+02
3.017182175209798629e+02 3.519897207705603250e+02
3.007179710862414481e+02 3.519776670566660641e+02
2.997178632529841025e+02 3.519570759517333727e+02
2.987179638312101133e+02 3.519281118214574349e+02
2.977183329619204528e+02 3.518910429034694971e+02
2.967190321109729894e+02 3.518459429014191642e+02
2.957201211226086457e+02 3.517928824249113973e+02
2.947216815030495241e+02 3.517315779170170913e+02
2.937237682463842248e+02 3.516622461162428408e+02
2.927264264431389620e+02 3.515851381683946215e+02
2.917297107698253171e+02 3.515003133364505743e+02
2.907336867970620347e+02 3.514077049222612459e+02
2.897384471345403085e+02 3.513070208034385473e+02
2.887440029672036417e+02 3.511987729432993319e+02
2.877504053188976627e+02 3.510830104323595151e+02
2.867577130190163075e+02 3.509597132561180501e+02
2.857660456089525383e+02 3.508284291489654834e+02
2.847753859261608227e+02 3.506897554011324587e+02
2.837857826065438758e+02 3.505437319796211568e+02
2.827973090651163375e+02 3.503902384138386310e+02
2.818100757235271203e+02 3.502289636204399699e+02
2.808240552597935675e+02 3.500604387780447269e+02
2.798392949939473056e+02 3.498846956619996149e+02
2.788559142651810134e+02 3.497013856889067824e+02
2.778739575360246477e+02 3.495106002253492079e+02
2.768934158250852988e+02 3.493126731977088753e+02
2.759143360620432190e+02 3.491076290175129770e+02
2.749369233627946869e+02 3.488947799415211080e+02
2.739610818587921131e+02 3.486748469674615194e+02
2.729868580759752490e+02 3.484478528682299725e+02
2.720143978450341251e+02 3.482134147110122626e+02
2.710437439614132131e+02 3.479716110542549359e+02
2.700748660174605220e+02 3.477227882003324453e+02
2.691078488413452874e+02 3.474668234758653966e+02
2.681428796260526042e+02 3.472032448382601046e+02
2.671798482807804476e+02 3.469326759071685160e+02
2.662188043438434306e+02 3.466551257476204455e+02
2.652600036947958984e+02 3.463699215977858330e+02
2.643033342108111015e+02 3.460776537893195268e+02
2.633488206512866441e+02 3.457784178380388767e+02
2.623966785908088468e+02 3.454717169823006770e+02
2.614469041779522058e+02 3.451577649934324654e+02
2.604994606305995148e+02 3.448368473335139015e+02
2.595545241412881410e+02 3.445086174893672819e+02
2.586121992676026480e+02 3.441729665047968751e+02
2.576723877130419282e+02 3.438303427382685413e+02
2.567352270442149234e+02 3.434805290850045481e+02
2.558009306268865828e+02 3.431231378356591790e+02
2.548693385418448258e+02 3.427587581706826541e+02
2.539405500033416843e+02 3.423872861139349197e+02
2.530148884824934896e+02 3.420080900579494028e+02
2.520921318718510804e+02 3.416218825384536899e+02
2.511723424705402294e+02 3.412286561571574453e+02
2.502559508131813288e+02 3.408275753347454611e+02
2.493426771114068856e+02 3.404194492693655434e+02
2.484325851527136422e+02 3.400042731383134083e+02
2.475260916280775518e+02 3.395812971089251278e+02
2.466229824453571950e+02 3.391511467570961145e+02
2.457232812406086850e+02 3.387139105969998241e+02
2.448273887668593431e+02 3.382689211093153858e+02
2.439351600622763101e+02 3.378166343300226231e+02
2.430465528771194954e+02 3.373572713539387564e+02
2.421618977924108265e+02 3.368903405299519704e+02
2.412810819577609607e+02 3.364162103840045575e+02
2.404039947589413089e+02 3.359352167020867341e+02
2.395309251209152706e+02 3.354469661505114573e+02
2.386618462331583430e+02 3.349516496709279068e+02
2.377965966946483434e+02 3.344496735984751581e+02
2.369354208167916056e+02 3.339407379614187903e+02
2.360783871559220870e+02 3.334248596128235249e+02
2.352252803146637348e+02 3.329025135859946545e+02
2.343762935379919838e+02 3.323734946714310468e+02
2.335316038334497364e+02 3.318376428512479492e+02
2.326909367032379805e+02 3.312955032094438366e+02
2.318544255330571673e+02 3.307469698812501520e+02
2.310223734746371349e+02 3.301916969296047455e+02
2.301944395111104029e+02 3.296303040283148107e+02
2.293706856128915774e+02 3.290627923785032181e+02
2.285515642266411476e+02 3.284886148764067570e+02
2.277366576669902827e+02 3.279084734675558366e+02
2.269259968016829134e+02 3.273224116735495954e+02
2.261200476567800308e+02 3.267298865214660282e+02
2.253184677651184984e+02 3.261314663487351595e+02
2.245212343126563042e+02 3.255272665565735224e+02
2.237287109686022575e+02 3.249169004057535517e+02
2.229407662238649266e+02 3.243006369725021614e+02
2.221572731713046380e+02 3.236787234438552900e+02
2.213784690566004087e+02 3.230509461735937862e+02
2.206044813247179093e+02 3.224172416508165497e+02
2.198350564723169498e+02 3.217780056392129495e+02
2.190702765167659152e+02 3.211332173628373994e+02
2.183105852529889432e+02 3.204824416140755261e+02
2.175555754460622779e+02 3.198262424231056116e+02
2.168052874078678371e+02 3.191646482517405161e+02
2.160601062718275216e+02 3.184973062442118703e+02
2.153198817312024858e+02 3.178244723865490755e+02
2.145845099242506819e+02 3.171463382287194008e+02
2.138541411703196786e+02 3.164628166104324123e+02
2.131290999754731956e+02 3.157736470663870705e+02
2.124090535020781658e+02 3.150792622876231803e+02
2.116940511218521692e+02 3.143796835738232858e+02
2.109844409171415691e+02 3.136746348938728488e+02
2.102801631352793095e+02 3.129642611636057268e+02
2.095810890189804923e+02 3.122487665547104143e+02
2.088872746018402040e+02 3.115281686508811276e+02
2.081991887159514931e+02 3.108020983281552390e+02
2.075165407817638368e+02 3.100709148852591852e+02
2.068393331069902956e+02 3.093346901139511829e+02
2.061676296270052262e+02 3.085934381789707004e+02
2.055019229085551729e+02 3.078467958250296306e+02
2.048418847203419944e+02 3.070951397699793688e+02
2.041875561002453026e+02 3.063385085199738000e+02
2.035390103032126206e+02 3.055769131876639904e+02
2.028966428828755966e+02 3.048100988865037948e+02
2.022603281869503746e+02 3.040382561685152609e+02
2.016300308412779145e+02 3.032614926836460540e+02
2.010058350519243504e+02 3.024798169633297675e+02
2.003878901631573513e+02 3.016931886835365617e+02
1.997765696331627510e+02 3.009014017651914514e+02
1.991716192953927589e+02 3.001047389816529289e+02
1.985731361899013905e+02 2.993032069052547968e+02
1.979812209812945696e+02 2.984968117462445889e+02
1.973959781128056079e+02 2.976855594039628841e+02
1.968178705940051429e+02 2.968692069651762040e+02
1.962466614387421942e+02 2.960480147042943599e+02
1.956824562692846143e+02 2.952219955861322092e+02
1.951253758080929970e+02 2.943911549057579577e+02
1.945755453920519926e+02 2.935554979975025844e+02
1.940330951663727319e+02 2.927150303231218800e+02
1.934983523863017467e+02 2.918696373712341483e+02
1.929713617405436992e+02 2.910193915142078822e+02
1.924521622704889694e+02 2.901643670119454441e+02
1.919409046571860245e+02 2.893045709179751270e+02
1.914377454191029244e+02 2.884400109954777349e+02
1.909428471488018317e+02 2.875706958664800368e+02
1.904563787570540114e+02 2.866966351748023385e+02
1.899785157241860816e+02 2.858178397639189825e+02
1.895094403583606777e+02 2.849343218709711323e+02
1.890493420603970947e+02 2.840460953382514617e+02
1.885984413032105067e+02 2.831531640289650227e+02
1.881570048597560003e+02 2.822555164167902149e+02
1.877251372343760920e+02 2.813532269306026024e+02
1.873030574775855257e+02 2.804463181581022013e+02
1.868909930463252920e+02 2.795348156197966318e+02
1.864891800895766778e+02 2.786187481108974566e+02
1.860978637338238002e+02 2.776981480716008264e+02
1.857172983665638810e+02 2.767730519876566291e+02
1.853477479157736809e+02 2.758435008231778625e+02
1.849894861229161620e+02 2.749095404876770772e+02
1.846428496884910260e+02 2.739712031751807331e+02
1.843082118911202940e+02 2.730285208722786479e+02
1.839857860193309023e+02 2.720815936448290131e+02
1.836758899500101165e+02 2.711304936196597168e+02
1.833788526130262539e+02 2.701753009281919162e+02
1.830950141461246687e+02 2.692161044329658353e+02
1.828247260126183278e+02 2.682530025015499859e+02
1.825683510753219423e+02 2.672861038288298801e+02
1.823262636195124458e+02 2.663155283082722917e+02
1.820990615523144243e+02 2.653413600863802912e+02
1.818873203637680263e+02 2.643637163162634351e+02
1.816911217185907503e+02 2.633828379102953363e+02
1.815108873046540054e+02 2.623989020387322739e+02
1.813470492267761642e+02 2.614121024187284092e+02
1.812005207995387082e+02 2.604225843735623585e+02
1.810717243869115691e+02 2.594306046183045851e+02
1.809607553232621342e+02 2.584364748445758551e+02
1.808680832434417880e+02 2.574404710826934206e+02
1.807951493550776263e+02 2.564428286970835416e+02
1.807417048827567498e+02 2.554439559798460664e+02
1.807080841207875892e+02 2.544442189897171431e+02
1.806958001475844355e+02 2.534439934983360843e+02
1.807047134226256730e+02 2.524437348877895602e+02
1.807350411174707858e+02 2.514438948547382608e+02
1.807887375017994884e+02 2.504450384634209854e+02
1.808648340688819189e+02 2.494476418731910030e+02
1.809647399123304297e+02 2.484523503239201432e+02
1.810887795371663458e+02 2.474597782563953388e+02
1.812370801717807467e+02 2.464705416838055498e+02
1.814110174227463688e+02 2.454854895838664959e+02
1.816097244239591078e+02 2.445051345935056872e+02
1.818352529303574840e+02 2.435306009609587079e+02
1.820860677077427567e+02 2.425622673918440739e+02
1.823645125142829784e+02 2.416015157650786875e+02
1.826687280302460863e+02 2.406486118669760117e+02
1.830009414464484507e+02 2.397051055845987264e+02
1.833592067452036645e+02 2.387711810037298790e+02
1.837456141198689181e+02 2.378485456086500278e+02
