3.233787878787878753e+02 1.849891774891773650e+02
3.241539023075910677e+02 1.856199331087355802e+02
3.249142549338718027e+02 1.862684005094715758e+02
3.256596330004184665e+02 1.869340225851227046e+02
3.263898589982551925e+02 1.876162322927879131e+02
3.271047898079160063e+02 1.883144559627179149e+02
3.278043155825571944e+02 1.890281164237797498e+02
3.284883584094189928e+02 1.897566359197427630e+02
3.291568263494097550e+02 1.904994779488271490e+02
3.298094031263575516e+02 1.912563188382687258e+02
3.304464561556991384e+02 1.920262685587354667e+02
3.310680214945397779e+02 1.928087726311594565e+02
3.316741580223311416e+02 1.936032872787276347e+02
3.322649455111105681e+02 1.944092808422624614e+02
3.328404827058227511e+02 1.952262349686572520e+02
3.334008854356061420e+02 1.960536455849112087e+02
3.339462847737484026e+02 1.968910236719850673e+02
3.344768252609369483e+02 1.977378958538322422e+02
3.349926632035211469e+02 1.985938048176144548e+02
3.354939650557960249e+02 1.994583095813509317e+02
3.359809058928607897e+02 2.003309856251391068e+02
3.364536679783994373e+02 2.012114249016924816e+02
3.369124394298011111e+02 2.020992357413176705e+02
3.373574129813629270e+02 2.029940426656650629e+02
3.377887848449082071e+02 2.038954861236713612e+02
3.382067536659747020e+02 2.048032221621222106e+02
3.386115195727804803e+02 2.057169220422247520e+02
3.390032833144223900e+02 2.066362718125321578e+02
3.393822454841985063e+02 2.075609718475210457e+02
3.397486058235311361e+02 2.084907363601151928e+02
3.401025626017003560e+02 2.094252928954817037e+02
3.404443120664406592e+02 2.103643818125152904e+02
3.407740479603972972e+02 2.113077557585767750e+02
3.410919610984648784e+02 2.122551791422658880e+02
3.413982390011190091e+02 2.132064276082924437e+02
3.416930655789953448e+02 2.141612875178580850e+02
3.419766208641485150e+02 2.151195554373761070e+02
3.422490807836363729e+02 2.160810376378346973e+02
3.425106169713006352e+02 2.170455496066456931e+02
3.427613966138609953e+02 2.180129155734137782e+02
3.430015251052047915e+02 2.189829818742588543e+02
3.432309386757761445e+02 2.199556377123357152e+02
3.434500599992065872e+02 2.209306623628599198e+02
3.436590383303504836e+02 2.219079103168808160e+02
3.438580180582627008e+02 2.228872427161269059e+02
3.440471386903269604e+02 2.238685269712478316e+02
3.442265348506383589e+02 2.248516363966392078e+02
3.443963362905539611e+02 2.258364498615333673e+02
3.445564381865159476e+02 2.268228875178269845e+02
3.447070039987285668e+02 2.278108247800533093e+02
3.448483319493615795e+02 2.288001246704446601e+02
3.449805330985957994e+02 2.297906851116186431e+02
3.451037137680723959e+02 2.307824080780983707e+02
3.452179755921950459e+02 2.317751993317234565e+02
3.453232700830909039e+02 2.327689828823339724e+02
3.454195297378786904e+02 2.337636816936513355e+02
3.455071477644674474e+02 2.347591776935404937e+02
3.455862079083669869e+02 2.357553895024158521e+02
3.456567894700292527e+02 2.367522383803412254e+02
3.457189673595568706e+02 2.377496480258612053e+02
3.457724889076585555e+02 2.387475601946858603e+02
3.458176022826642111e+02 2.397458867504026614e+02
3.458545131301722790e+02 2.407445493931072917e+02
3.458832794703728837e+02 2.417434798761470063e+02
3.459039551472032485e+02 2.427426114955306957e+02
3.459164267098661298e+02 2.437418802479461988e+02
3.459206005236546275e+02 2.447412175632776439e+02
3.459168243527821005e+02 2.457405553772576070e+02
3.459051357749749513e+02 2.467398317638671870e+02
3.458855683255362692e+02 2.477389855749548815e+02
3.458581086271618119e+02 2.487379549400745589e+02
3.458224125107736882e+02 2.497366637756361740e+02
3.457789192272198306e+02 2.507350621659169860e+02
3.457276463239487612e+02 2.517330908387274349e+02
3.456686073271634427e+02 2.527306905989952384e+02
3.456018117298126526e+02 2.537278021919831303e+02
3.455269354536893616e+02 2.547243399364199377e+02
3.454442106255887097e+02 2.557202558187088073e+02
3.453537399663116503e+02 2.567154972117460261e+02
3.452555167061681800e+02 2.577100033920800115e+02
3.451495298961565368e+02 2.587037128633824068e+02
3.450357093990576232e+02 2.596965566725559142e+02
3.449137504225686826e+02 2.606884334410137853e+02
3.447839767481661966e+02 2.616793168582364615e+02
3.446463460760256226e+02 2.626691389565854138e+02
3.445008022497235629e+02 2.636578284864610282e+02
3.443472876695719265e+02 2.646453123604711664e+02
3.441857443598348709e+02 2.656315157422256448e+02
3.440158032928439980e+02 2.666163069059257396e+02
3.438376820509428171e+02 2.675996502603182989e+02
3.436513627310023935e+02 2.685814724383836278e+02
3.434567863922359834e+02 2.695616912981823816e+02
3.432538939323019349e+02 2.705402227457672666e+02
3.430426261389707747e+02 2.715169806952558247e+02
3.428229237451324138e+02 2.724918770297150559e+02
3.425945758744205136e+02 2.734647852264443486e+02
3.423575369453135977e+02 2.744356118446167443e+02
3.421118931457418739e+02 2.754042959413210383e+02
3.418575857299765630e+02 2.763707410536007956e+02
3.415945562228737344e+02 2.773348485149211911e+02
3.413227464964129467e+02 2.782965174247362938e+02
3.410420988501990678e+02 2.792556446202383427e+02
3.407525560959933273e+02 2.802121246505365093e+02
3.404540616463270908e+02 2.811658497535240144e+02
3.401465596072404196e+02 2.821167098357059331e+02
3.398297801842754211e+02 2.830645194709723569e+02
3.395038916696146885e+02 2.840092347229298184e+02
3.391688409389307139e+02 2.849507386122619437e+02
3.388245759211347377e+02 2.858889117705488729e+02
3.384710457538761830e+02 2.868236324528648993e+02
3.381082009002596465e+02 2.877547765410481020e+02
3.377359932695134148e+02 2.886822175520550786e+02
3.373543763415019043e+02 2.896058266517446214e+02
3.369633052949521357e+02 2.905254726744373102e+02
3.365627371392319560e+02 2.914410221486015757e+02
3.361526308494917998e+02 2.923523393290168997e+02
3.357329475049500616e+02 2.932592862357637387e+02
3.353036504300688989e+02 2.941617227003861785e+02
3.348647053383346019e+02 2.950595064195662189e+02
3.344160804783250001e+02 2.959524930166422791e+02
3.339577467817032357e+02 2.968405361112879746e+02
3.334896274700686831e+02 2.977234602341911796e+02
3.330117156213997305e+02 2.986011220311285683e+02
3.325240315519071714e+02 2.994733909644714913e+02
3.320265581983634320e+02 3.003401135831572333e+02
3.315192819157518329e+02 3.012011348952083836e+02
3.310021926274717998e+02 3.020562984903622237e+02
3.304752839740823447e+02 3.029054466724505801e+02
3.299385534599486505e+02 3.037484206016341091e+02
3.293920025971249288e+02 3.045850604465551328e+02
3.288356370457763092e+02 3.054152055464219302e+02
3.282694667504168820e+02 3.062386945829852039e+02
3.276935060712160634e+02 3.070553657623134427e+02
3.271077739096097616e+02 3.078650570062141014e+02
3.265122938274326998e+02 3.086676061530834545e+02
3.259070941587817742e+02 3.094628511679050007e+02
3.252922081138135013e+02 3.102506303610473424e+02
3.246676738736792913e+02 3.110307826154432291e+02
3.240335346758095625e+02 3.118031476216596047e+02
3.233898388887692477e+02 3.125675661202964761e+02
3.227366400759296994e+02 3.133238801510815961e+02
3.220739970472263280e+02 3.140719333079537705e+02
3.214019738983072898e+02 3.148115709993591622e+02
3.207206400364195247e+02 3.155426407129144764e+02
3.200300701924276723e+02 3.162649922835270786e+02
3.193303444184164164e+02 3.169784781639982043e+02
3.186215480703934873e+02 3.176829536970795971e+02
3.179037717756764323e+02 3.183782773879000274e+02
3.171771113846277785e+02 3.190643111756342591e+02
3.164416679064826212e+02 3.197409207032456493e+02
3.156975474291027126e+02 3.204079755841048041e+02
3.149448610225853713e+02 3.210653496642628966e+02
3.141837246267496653e+02 3.217129212791436998e+02
3.134142589226267432e+02 3.223505735034166264e+02
3.126365891881798120e+02 3.229781943928165333e+02
3.118508451385860667e+02 3.235956772166950373e+02
3.110571607515148003e+02 3.242029206801110490e+02
3.102556740779395454e+02 3.247998291343104142e+02
3.094465270391229978e+02 3.253863127744886583e+02
3.086298652105089104e+02 3.259622878237893246e+02
3.078058375933503612e+02 3.265276767025594609e+02
3.069745362373403168e+02 3.270823167343214664e+02
3.061361067243654475e+02 3.276261201116253687e+02
3.052907824716214691e+02 3.281591403193749557e+02
3.044387797876757418e+02 3.286814171859845715e+02
3.035803235693715010e+02 3.291930158745171866e+02
3.027156310782644368e+02 3.296940013088796491e+02
3.018449119972530070e+02 3.301844375490848620e+02
3.009683687138920050e+02 3.306643875419009078e+02
3.000861966033942281e+02 3.311339128945362518e+02
2.991985843100620173e+02 3.315930736695915471e+02
2.983057140260941082e+02 3.320419281995806955e+02
2.974076581326710880e+02 3.324803172895459511e+02
2.965046338630805280e+02 3.329083760143487325e+02
2.955968675348531178e+02 3.333262810294053224e+02
2.946845185712248281e+02 3.337340826029591199e+02
2.937677412493840166e+02 3.341318285649565496e+02
2.928466849526128044e+02 3.345195642075593696e+02
2.919214944164268104e+02 3.348973321957429334e+02
2.909923099686438945e+02 3.352651724868987344e+02
2.900591137512262776e+02 3.356227130157458873e+02
2.891221968598224521e+02 3.359703815578504873e+02
2.881816910578463080e+02 3.363082177863158222e+02
2.872377214862287360e+02 3.366362504202428454e+02
2.862904099827954951e+02 3.369545051529306647e+02
2.853398752895301982e+02 3.372630046079223121e+02
2.843861792661603545e+02 3.375615924598221227e+02
2.834294082828401997e+02 3.378501725612507016e+02
2.824697632809351262e+02 3.381290407657071455e+02
2.815073526931545302e+02 3.383982072156665026e+02
2.805422828236002033e+02 3.386576787927466512e+02
2.795746580300552750e+02 3.389074590885532530e+02
2.786045497496421604e+02 3.391474194599316547e+02
2.776320101050123981e+02 3.393773249049768879e+02
2.766572290946870112e+02 3.395975257575738055e+02
2.756803051328892593e+02 3.398080123045661480e+02
2.747013355653947428e+02 3.400087713991104579e+02
2.737204168388723815e+02 3.401997864344451159e+02
2.727376137198941137e+02 3.403808640894320661e+02
2.717530011308592179e+02 3.405518247756759251e+02
2.707667359414662656e+02 3.407129680200610551e+02
2.697789127602393933e+02 3.408642632397959460e+02
2.687896261469303454e+02 3.410056762579902738e+02
2.677989707826818631e+02 3.411371692762634780e+02
2.668070167159370953e+02 3.412584872933098268e+02
2.658138586980374498e+02 3.413695103261154031e+02
2.648196296544670076e+02 3.414704770855251468e+02
2.638244265683933918e+02 3.415613351883016549e+02
2.628283474345897162e+02 3.416420285032006632e+02
2.618314914448052946e+02 3.417124971257039192e+02
2.608339509974846919e+02 3.417725275000103125e+02
2.598358252955911212e+02 3.418218647983576943e+02
2.588372406252213409e+02 3.418607759591703257e+02
2.578383029638308699e+02 3.418891860255142205e+02
2.568391204836690918e+02 3.419070161847109262e+02
2.558398037661876288e+02 3.419141837571519318e+02
2.548404660226910607e+02 3.419106021891578848e+02
2.538412301273249625e+02 3.418958534658574422e+02
2.528422202869850821e+02 3.418700468272372746e+02
2.518435578421452590e+02 3.418332122082624096e+02
2.508453688526482779e+02 3.417852480055321962e+02
2.498477832063360324e+02 3.417260488215690089e+02
2.488509348806074399e+02 3.416555055008515751e+02
2.478549622114755664e+02 3.415735051766143897e+02
2.468600141495527396e+02 3.414798717059105684e+02
2.458662714863194481e+02 3.413742141150683551e+02
2.448738575523974816e+02 3.412567470928175339e+02
2.438829307820857650e+02 3.411273442029828402e+02
2.428936553971492742e+02 3.409858757651909968e+02
2.419062017138707290e+02 3.408322089962661039e+02
2.409207464548593407e+02 3.406662081734394860e+02
2.399374730646348155e+02 3.404877348213697701e+02
2.389565720277967671e+02 3.402966479250537759e+02
2.379782411883613804e+02 3.400928041707823013e+02
2.370026860685960060e+02 3.398760582173499074e+02
2.360301837995309882e+02 3.396460024407429614e+02
2.350608973122181737e+02 3.394027610900586751e+02
2.340950561727082402e+02 3.391461866865307115e+02
2.331328991430669930e+02 3.388761297057192223e+02
2.321746741341810036e+02 3.385924404596715931e+02
2.312206384706417452e+02 3.382949695896001003e+02
2.302710591352740721e+02 3.379835686033724187e+02
2.293262129889720029e+02 3.376580904594947015e+02
2.283863869611024313e+02 3.373183901990001345e+02
2.274518782053371524e+02 3.369643256263178728e+02
2.265229942153837897e+02 3.365957580397864035e+02
2.256000528947155601e+02 3.362125530119883479e+02
2.246833825740613406e+02 3.358145812195097051e+02
2.237733219701231633e+02 3.354017193210664800e+02
2.228702200787540733e+02 3.349738508821910159e+02
2.219744359956681024e+02 3.345308673438307210e+02
2.210863386576893959e+02 3.340726690312799292e+02
2.202063064975905888e+02 3.335991661988579722e+02
2.193347270057469132e+02 3.331102801046548620e+02
2.184719961921555580e+02 3.326059441085191111e+02
2.176185179428645142e+02 3.320861047852642969e+02
2.167747032655304338e+02 3.315507230438506099e+02
2.159409694197039471e+02 3.309997752420735537e+02
2.151177389285271317e+02 3.304332542851037715e+02
2.143054384698348258e+02 3.298511706950907865e+02
2.135044976461713873e+02 3.292535536380249823e+02
2.127153303602120786e+02 3.286404737763019739e+02
2.119382148034740680e+02 3.280121869408739599e+02
2.111733265820247141e+02 3.273690693678980779e+02
2.104208184606000316e+02 3.267115078778957127e+02
2.096808244400428123e+02 3.260398934745619499e+02
2.089534602633723921e+02 3.253546198481051306e+02
2.082388240098162839e+02 3.246560819656259582e+02
2.075369967641975961e+02 3.239446747544696450e+02
2.068480433492578072e+02 3.232207918827128310e+02
2.061720131088785877e+02 3.224848246393009390e+02
2.055089407307154374e+02 3.217371609148486300e+02
2.048588470974337952e+02 3.209781842827736114e+02
2.042217401565218893e+02 3.202082731792539221e+02
2.035976157995030178e+02 3.194278001794917827e+02
2.029864587422664783e+02 3.186371313669206415e+02
2.023882433991492462e+02 3.178366257913097570e+02
2.018029347443133759e+02 3.170266350111834868e+02
2.012304891548565138e+02 3.162075027155802900e+02
2.006708552309536913e+02 3.153795644199041703e+02
2.001239745891415112e+02 3.145431472304650811e+02
1.995897826256189660e+02 3.136985696722480270e+02
1.990682092471407429e+02 3.128461415744718579e+02
1.985591795677178766e+02 3.119861640086006105e+02
1.980626145699188498e+02 3.111189292736207221e+02
1.975784317300729640e+02 3.102447209236020171e+02
1.971065456071293340e+02 3.093638138327963816e+02
1.966468683953124525e+02 3.084764742937920232e+02
1.961993104410481976e+02 3.075829601445237813e+02
1.957637807249123512e+02 3.066835209202314445e+02
1.953401873095849623e+02 3.057783980267555535e+02
1.949284377549779208e+02 3.048678249318564326e+02
1.945284395018502721e+02 3.039520273715336316e+02
1.941401002253336401e+02 3.030312235686060376e+02
1.937635278560641723e+02 3.021055447463460837e+02
1.933984992844729334e+02 3.011752544943098542e+02
1.930448668164703463e+02 3.002405740735431436e+02
1.927025415959223835e+02 2.993016943492289101e+02
1.923714363782349892e+02 2.983587998457058461e+02
1.920514657378739969e+02 2.974120689967597855e+02
1.917425462563433598e+02 2.964616743959254563e+02
1.914445966921119577e+02 2.955077830458025687e+02
1.911575381339294495e+02 2.945505566055459212e+02
1.908812941389124944e+02 2.935901516358342178e+02
1.906160268134599960e+02 2.926266563905576845e+02
1.903615483423639603e+02 2.916602567485003306e+02
1.901176762432608598e+02 2.906911275648535593e+02
1.898843447014013464e+02 2.897194074894229630e+02
1.896614908936523136e+02 2.887452312327869777e+02
1.894490550602519932e+02 2.877687297894245830e+02
1.892469805690752196e+02 2.867900306563489607e+02
1.890552139732903925e+02 2.858092580472761597e+02
1.888739651980445160e+02 2.848264866485059201e+02
1.887030625345051078e+02 2.838418645446909068e+02
1.885423291213353991e+02 2.828555326325995338e+02
1.883917244568673368e+02 2.818676040479269886e+02
1.882512114531732550e+02 2.808781896493549652e+02
1.881207564680396729e+02 2.798873982099787554e+02
1.880003293348635225e+02 2.788953366055622496e+02
1.878900653705960622e+02 2.779020929017842150e+02
1.877900270614093472e+02 2.769077679581831148e+02
1.876999469877143838e+02 2.759124928792426772e+02
1.876198089392881911e+02 2.749163687358280868e+02
1.875496003188102918e+02 2.739194956090623236e+02
1.874893121659688688e+02 2.729219727670363795e+02
1.874389391818609738e+02 2.719238988408233126e+02
1.873986126853671976e+02 2.709253673371825357e+02
1.873684727928383609e+02 2.699264770677084471e+02
1.873482519261661423e+02 2.689273382521953408e+02
1.873379594633839531e+02 2.679280486585936956e+02
1.873376085700961937e+02 2.669287063042625050e+02
1.873472162268578813e+02 2.659294096365939026e+02
1.873668032575049267e+02 2.649302577160268584e+02
1.873964045629970201e+02 2.639313507576529219e+02
1.874364062554822965e+02 2.629328062766332437e+02
1.874864682229884352e+02 2.619347172211534485e+02
1.875466266682137189e+02 2.609371868726432240e+02
1.876169217738051032e+02 2.599403200896871340e+02
1.876973977324641680e+02 2.589442235147358247e+02
1.877881027768699198e+02 2.579490057867205905e+02
1.878890892090714431e+02 2.569547777601158600e+02
1.880004134289436877e+02 2.559616527310012373e+02
1.881224064197010932e+02 2.549697815009674002e+02
1.882549044900959245e+02 2.539792602115222735e+02
1.883979231565299131e+02 2.529902043779420069e+02
1.885515053070749332e+02 2.520027344834462042e+02
1.887156725469240826e+02 2.510169694905189033e+02
1.888904427460631723e+02 2.500330290596295129e+02
1.890758312004540755e+02 2.490510336471562880e+02
1.892718506081943133e+02 2.480711044377866870e+02
1.894785110478569266e+02 2.470933632760379624e+02
1.896958199590366689e+02 2.461179325969797276e+02
1.899237821251261380e+02 2.451449353562385909e+02
1.901625981420515643e+02 2.441745450300933840e+02
1.904120697361710484e+02 2.432068403738536233e+02
1.906721836641263792e+02 2.422419427977069972e+02
1.909429342554408322e+02 2.412799764272743062e+02
1.912243131364980684e+02 2.403210655650546244e+02
1.915163092263701401e+02 2.393653346180483084e+02
1.918189087349269641e+02 2.384129080252136816e+02
1.921320951632245908e+02 2.374639101848402163e+02
1.924558493061626905e+02 2.365184653819172240e+02
1.927901492574024189e+02 2.355766977155796837e+02
1.931349704165287164e+02 2.346387310267087116e+02
1.934902854984418639e+02 2.337046888257654018e+02
1.938560645449569506e+02 2.327746942209346912e+02
1.942322749385893701e+02 2.318488698466541678e+02
1.946188814185009619e+02 2.309273377926028559e+02
1.950158460985776685e+02 2.300102195332208623e+02
1.954231284876099721e+02 2.290976358578330121e+02
1.958406855115415510e+02 2.281897068014433501e+02
1.962684715377514806e+02 2.272865515762702273e+02
1.967065317032922849e+02 2.263883346805449150e+02
1.971547234616214155e+02 2.254951307204601960e+02
1.976129893347685709e+02 2.246070538762582203e+02
1.980812740299715244e+02 2.237242194805377267e+02
1.985595198406561224e+02 2.228467417276669096e+02
1.990476666815627027e+02 2.219747336108182196e+02
1.995456521256204212e+02 2.211083068601427328e+02
2.000534114425195753e+02 2.202475718821371800e+02
2.005708776389325010e+02 2.193926377002530899e+02
2.010979815003325939e+02 2.185436118967968184e+02
2.016346516343586757e+02 2.177006005561668189e+02
2.021808145156724947e+02 2.168637082094722359e+02
2.027363945322549057e+02 2.160330377805742899e+02
2.033013140330859301e+02 2.152086905335910387e+02
2.038754933771544131e+02 2.143907660219036870e+02
2.044588509837398078e+02 2.135793620386994576e+02
2.050513033839103798e+02 2.127745745690852175e+02
2.056527652731809326e+02 2.119764977438042308e+02
2.062631495652716751e+02 2.111852237945846014e+02
2.068823674469121272e+02 2.104008430111491634e+02
2.075103284336294678e+02 2.096234436999101547e+02
2.081469404264659886e+02 2.088531121443754444e+02
2.087921097695650303e+02 2.080899325672859845e+02
2.094457413085673636e+02 2.073339870945061136e+02
2.101077384497601201e+02 2.065853557206843902e+02
2.107780218244900823e+02 2.058441332925305574e+02
2.114565688822858647e+02 2.051104684340561164e+02
2.121431856657050616e+02 2.043843513299717927e+02
2.128377704572948801e+02 2.036658534530680527e+02
2.135402203916717383e+02 2.029550440035030476e+02
2.142504315178815943e+02 2.022519898848524633e+02
2.149682988621231630e+02 2.015567556820063544e+02
2.156937164907771489e+02 2.008694036409179660e+02
2.164265775736830051e+02 2.001899936502073842e+02
2.171667744476064854e+02 1.995185832246213806e+02
2.179141986798416326e+02 1.988552274903496482e+02
2.186687411318899024e+02 1.981999791721956683e+02
2.194302920231610869e+02 1.975528885825980865e+02
2.201987409946403034e+02 1.969140036124983055e+02
2.209739771724649131e+02 1.962833697240471906e+02
2.217560215690065775e+02 1.956611982360465447e+02
2.225446645586127659e+02 1.950474140845114448e+02
2.233397608588424816e+02 1.944420146171327701e+02
2.241411979929071947e+02 1.938450358524723640e+02
2.249488632711060916e+02 1.932565113666842080e+02
2.257626438529407835e+02 1.926764722965493490e+02
2.265824268087864937e+02 1.921049473442677709e+02
2.274080991810694456e+02 1.915419627839854684e+02
2.282395480448998626e+02 1.909875424700389885e+02
2.290767475627920646e+02 1.904418429234649750e+02
2.299196098138223761e+02 1.899049325240051758e+02
2.307679099481630942e+02 1.893766582671283345e+02
2.316215354802577338e+02 1.888570347001462437e+02
2.324803742401062436e+02 1.883460740083923497e+02
2.333443144299702112e+02 1.878437860328663476e+02
2.342132446802232550e+02 1.873501782894226437e+02
2.350871119409815151e+02 1.868653615628251714e+02
2.359658939286644852e+02 1.863895123335754818e+02
2.368492935464805100e+02 1.859222946926348641e+02
2.377371803998973405e+02 1.854636631974520071e+02
2.386294290150157451e+02 1.850135755845371364e+02
2.395259185748246296e+02 1.845719928005013912e+02
2.404265923538796130e+02 1.841390048182695978e+02
2.413314310549992001e+02 1.837147906139698819e+02
2.422401659331893597e+02 1.832989917820280255e+02
2.431526922352652491e+02 1.828915821440976970e+02
2.440689087085403912e+02 1.824925388657565293e+02
2.449887173933569215e+02 1.821018424725820637e+02
2.459122028714353689e+02 1.817199172983628728e+02
2.468391090163823662e+02 1.813463748247103808e+02
2.477693222110627858e+02 1.809811477035093219e+02
2.487027556648648954e+02 1.806242299737843950e+02
2.496393249479143606e+02 1.802756191417105356e+02
2.505790980980668792e+02 1.799357385001884211e+02
2.515218720631291660e+02 1.796042771999177319e+02
2.524675311812933387e+02 1.792811417319462919e+02
2.534159987531528486e+02 1.789663436602738784e+02
2.543671996273016020e+02 1.786598981565731492e+02
2.553212058186038291e+02 1.783622999760114567e+02
2.562778089938884705e+02 1.780731641913962733e+02
2.572369173285080706e+02 1.777924527991896753e+02
2.581984602930437518e+02 1.775201957368903436e+02
2.591623681532781802e+02 1.772564267537361786e+02
2.601287119091568911e+02 1.770017265463948490e+02
2.610972731937686149e+02 1.767556010734093377e+02
2.620679825405189263e+02 1.765180914701150812e+02
2.630407718323055519e+02 1.762892472096747269e+02
2.640155768592497907e+02 1.760691393709940940e+02
2.649924360285801299e+02 1.758583355282519562e+02
2.659711592304697660e+02 1.756563721344124644e+02
2.669516774767051288e+02 1.754633153457214974e+02
2.679339211708026482e+02 1.752792356956131528e+02
2.689178199380787078e+02 1.751042081774218389e+02
2.699033780149010227e+02 1.749387779090564834e+02
2.708904473028304096e+02 1.747826288334640594e+02
2.718789426108462521e+02 1.746357842950297083e+02
2.728687885158358881e+02 1.744983377510037315e+02
2.738599078594287448e+02 1.743703875496671571e+02
2.748522412784918743e+02 1.742522106582628396e+02
2.758457175340666367e+02 1.741440687893312429e+02
2.768402118326897607e+02 1.740457458209132540e+02
2.778356377652278866e+02 1.739573602141816480e+02
2.788319060127175248e+02 1.738790357776020983e+02
2.798289240765807335e+02 1.738109017635483156e+02
2.808265983488428787e+02 1.737531378979272461e+02
2.818248421206953935e+02 1.737062404964996460e+02
2.828235256813653677e+02 1.736699479403275177e+02
2.838225408835947405e+02 1.736444114625099644e+02
2.848217748476808424e+02 1.736297881133081091e+02
2.858211095995168307e+02 1.736262408221518569e+02
2.868204216902243502e+02 1.736339384485491735e+02
2.878195817967723542e+02 1.736530558197494827e+02
2.888184517004217469e+02 1.736838441962643742e+02
2.898168768597074063e+02 1.737266828586659813e+02
2.908147148975074856e+02 1.737814872700740807e+02
2.918118090425716673e+02 1.738484550949017944e+02
2.928079944168749194e+02 1.739277898187689004e+02
2.938030975226047872e+02 1.740197006508915933e+02
2.947969357103131642e+02 1.741244023918375774e+02
2.957893166292416254e+02 1.742421152623921898e+02
2.967800376612242417e+02 1.743730646889836180e+02
2.977688853400313747e+02 1.745174810408230144e+02
2.987556347585357344e+02 1.746755993136417544e+02
2.997400489666730437e+02 1.748476587546582834e+02
3.007218783638301147e+02 1.750339024231947747e+02
3.017008600900292663e+02 1.752345766811989733e+02
3.026767174210878011e+02 1.754499306078267011e+02
3.036491591738211469e+02 1.756802153322220761e+02
3.046178791283135752e+02 1.759256832787098404e+02
3.055825554753077995e+02 1.761865873188166347e+02
3.065428502978473944e+02 1.764631798248781820e+02
3.074984090974301694e+02 1.767557116204970100e+02
3.084488603760847241e+02 1.770644308238134101e+02
3.093938152869333749e+02 1.773895815804643235e+02
3.103328673669317936e+02 1.777314026842534531e+02
3.112655923665361684e+02 1.780901260849653056e+02
3.121915481920023581e+02 1.784659752844414129e+02
3.131102749768218700e+02 1.788591636240099092e+02
3.140212952993798012e+02 1.792698924686296778e+02
3.149241145642345714e+02 1.796983492956685211e+02
3.158182215643853965e+02 1.801447056990676003e+02
3.167030568238175192e+02 1.806091755600523356e+02
3.175778878051718834e+02 1.810922221032879520e+02
3.184423451082998895e+02 1.815935881123403419e+02
3.192958597664305671e+02 1.821133572131993219e+02
3.201378526498489236e+02 1.826515861044284748e+02
3.209677364753374036e+02 1.832083024775383535e+02
3.217849180744815953e+02 1.837835030290847271e+02
3.225888009168823487e+02 1.843771516012285190e+02
