2.319502164502164305e+02 1.870670995670994614e+02
2.328689250796758472e+02 1.866706084984480469e+02
2.337979802533568545e+02 1.862990124820123015e+02
2.347370582615785395e+02 1.859535284858009447e+02
2.356850699379389198e+02 1.856333672749619268e+02
2.366412029050702301e+02 1.853383394236910249e+02
2.376048638130365305e+02 1.850689071788764863e+02
2.385749459710654605e+02 1.848235893749172476e+02
2.395510631453006738e+02 1.846035051021258084e+02
2.405322338751664120e+02 1.844071774372780510e+02
2.415178152951754953e+02 1.842343324581854347e+02
2.425073002546888290e+02 1.840854407629420848e+02
2.434998906664486640e+02 1.839589010216211875e+02
2.444950887495624556e+02 1.838548167823535664e+02
2.454923719665335113e+02 1.837730810424159813e+02
2.464911575537111901e+02 1.837124064179660081e+02
2.474909950925645319e+02 1.836725817238847469e+02
2.484914509938895719e+02 1.836538492532954763e+02
2.494920798915843534e+02 1.836548183605492852e+02
2.504925069975569158e+02 1.836750573990662190e+02
2.514923613308483823e+02 1.837145528537443511e+02
2.524912934678954457e+02 1.837728860006711216e+02
2.534890164663830774e+02 1.838491389918071661e+02
2.544852484071408867e+02 1.839428953232628032e+02
2.554797267986109546e+02 1.840537448228428445e+02
2.564721445321202964e+02 1.841817466480133589e+02
2.574623088032321903e+02 1.843261405628879857e+02
2.584500306751119751e+02 1.844863852544734755e+02
2.594351173320523571e+02 1.846621051227558894e+02
2.604173900378908684e+02 1.848529338024157482e+02
2.613966832031580338e+02 1.850585144200740615e+02
2.623728434891797860e+02 1.852784997763866102e+02
2.633457119219248739e+02 1.855126210968052476e+02
2.643151260136849032e+02 1.857606581186367691e+02
2.652810168141393206e+02 1.860220758705986839e+02
2.662432730266938847e+02 1.862965685751112801e+02
2.672017915959266361e+02 1.865838401207425079e+02
2.681564770637254469e+02 1.868836039446326538e+02
2.691072409637898772e+02 1.871955828877902093e+02
2.700540012532977698e+02 1.875195090276405381e+02
2.709966817803820049e+02 1.878551234917568706e+02
2.719352117859514806e+02 1.882021762562814615e+02
2.728695254383162023e+02 1.885604259321545157e+02
2.737995613990291304e+02 1.889296395419094097e+02
2.747252624183383318e+02 1.893095922894628984e+02
2.756465749586425886e+02 1.897000673250302043e+02
2.765634488443608916e+02 1.901008555070215493e+02
2.774758369366571742e+02 1.905117551625297949e+02
2.783836948315018276e+02 1.909325718477991813e+02
2.792869232667204642e+02 1.913632366086892489e+02
2.801854869963245278e+02 1.918035499053463582e+02
2.810793873266151763e+02 1.922532530018261241e+02
2.819685880280854917e+02 1.927121770902626281e+02
2.828530544079187621e+02 1.931801594843816758e+02
2.837327531163124945e+02 1.936570433963194944e+02
2.846076519674201109e+02 1.941426777186301251e+02
2.854777197738521863e+02 1.946369168117923039e+02
2.863429261937444608e+02 1.951396202974478626e+02
2.872031377201106466e+02 1.956508255905915803e+02
2.880583164079343419e+02 1.961704047455140483e+02
2.889085314612895559e+02 1.966980646815291891e+02
2.897537544944279375e+02 1.972336835950114846e+02
2.905939573523753552e+02 1.977771440302241786e+02
2.914291120147620404e+02 1.983283327061102455e+02
2.922591255181313841e+02 1.988872358469361643e+02
2.930838142953863326e+02 1.994539656441331488e+02
2.939033551981054870e+02 2.000281119483683767e+02
2.947177197723545987e+02 2.006095762068410409e+02
2.955268793038022750e+02 2.011982632802854312e+02
2.963308047572606370e+02 2.017940813017805510e+02
2.971291363906086644e+02 2.023973739672690897e+02
2.979221475387977307e+02 2.030076404920181687e+02
2.987098187175732846e+02 2.036247830294535675e+02
2.994921188825693434e+02 2.042487212301054456e+02
3.002689191167697231e+02 2.048794960537211409e+02
3.010399828311195733e+02 2.055172696003599526e+02
3.018055619670471401e+02 2.061616141957589434e+02
3.025656227086759031e+02 2.068124591880398668e+02
3.033201305094942200e+02 2.074697361406516052e+02
3.040686566598584477e+02 2.081338175906364540e+02
3.048114932834782280e+02 2.088042545959328322e+02
3.055486510008531695e+02 2.094809301865098519e+02
3.062800917819932920e+02 2.101637836095826231e+02
3.070053981429152827e+02 2.108531501362816698e+02
3.077247850363498287e+02 2.115486892853338645e+02
3.084383172490869356e+02 2.122502327005221616e+02
3.091459528305218214e+02 2.129577258790698977e+02
3.098471979135954939e+02 2.136715541693685338e+02
3.105423631261960509e+02 2.143913021726227441e+02
3.112314809369873956e+02 2.151168421309937742e+02
3.119144694322877740e+02 2.158481575120215439e+02
3.125907786532821433e+02 2.165856538947873560e+02
3.132608791680532363e+02 2.173287935528160233e+02
3.139247213134669323e+02 2.180775297385899023e+02
3.145820206603577276e+02 2.188320181783260807e+02
3.152325717614866676e+02 2.195923315303640493e+02
3.158766886434995058e+02 2.203581019384760111e+02
3.165143170041149574e+02 2.211292854574062972e+02
3.171448853719787735e+02 2.219062530562517281e+02
3.177686997695984132e+02 2.226886512327575360e+02
3.183858347731435288e+02 2.234763286877683015e+02
3.189960463764785459e+02 2.242693840118532478e+02
3.195989464111676170e+02 2.250680108355714708e+02
3.201949646364937507e+02 2.258717848291046835e+02
3.207840383797249615e+02 2.266806641018860944e+02
3.213655181770059812e+02 2.274950202805511594e+02
3.219397613555976818e+02 2.283144929113993555e+02
3.225068425531119942e+02 2.291389381905780169e+02
3.230664026563752600e+02 2.299685085446850223e+02
3.236181780794665883e+02 2.308032755100527709e+02
3.241625628665351542e+02 2.316428795624256338e+02
3.246994863382630570e+02 2.324872773659061522e+02
3.252280684551303125e+02 2.333369216016255052e+02
3.257490199873261645e+02 2.341912628058397843e+02
3.262622685724376765e+02 2.350502549658667988e+02
3.267672267219430182e+02 2.359141481018589843e+02
3.272641506396658997e+02 2.367826854037466831e+02
3.277533560066545419e+02 2.376555935240392046e+02
3.282345980125864457e+02 2.385329193189944874e+02
3.287076088162767746e+02 2.394147091069029045e+02
3.291729757118812358e+02 2.403005555590743256e+02
3.296307028362390383e+02 2.411903762008134890e+02
3.300800279936017887e+02 2.420844688903289068e+02
3.305217876710723317e+02 2.429823213945396958e+02
3.309560072725969917e+02 2.438838461205264139e+02
3.313820916575049864e+02 2.447892450612522737e+02
3.318004832046308366e+02 2.456982225890976963e+02
3.322114145009480239e+02 2.466105975324641122e+02
3.326145023137826229e+02 2.475264662813779069e+02
3.330097664629886367e+02 2.484457372430910027e+02
3.333976490940765984e+02 2.493681467129050304e+02
3.337779642502292745e+02 2.502937038513546497e+02
3.341503378605014518e+02 2.512224837929912553e+02
3.345154058777024488e+02 2.521541583618925699e+02
3.348731681559735875e+02 2.530886647171367940e+02
3.352228793115492635e+02 2.540262136472856298e+02
3.355653564739626518e+02 2.549664273749704364e+02
3.359006204703199501e+02 2.559092386410397637e+02
3.362280411012214358e+02 2.568548029575227361e+02
3.365481367008459870e+02 2.578028703713694654e+02
3.368610827954249203e+02 2.587533223515594614e+02
3.371664302062163756e+02 2.597062437616132229e+02
3.374643353525651719e+02 2.606615166657191480e+02
3.377551474326343168e+02 2.616189726959232189e+02
3.380385998739576507e+02 2.625786346842568832e+02
3.383144841680274908e+02 2.635404988504751032e+02
3.385833235736091638e+02 2.645043550915655715e+02
3.388450402671088000e+02 2.654701713320774843e+02
3.390990487956858601e+02 2.664380431107960590e+02
3.393460514041071292e+02 2.674077251387432170e+02
3.395860566933509403e+02 2.683791640173286623e+02
3.398184205684074755e+02 2.693524593530323727e+02
3.400436941095321686e+02 2.703274186972049051e+02
3.402619955959166873e+02 2.713039633248493487e+02
3.404729089101487602e+02 2.722821311919127538e+02
3.406765304502259823e+02 2.732618418285646840e+02
3.408731940034429044e+02 2.742429726370564822e+02
3.410627342060563478e+02 2.752255058093525690e+02
3.412447477419118513e+02 2.762094606065210769e+02
3.414198053521350289e+02 2.771946756987018148e+02
3.415879025726561622e+02 2.781811034015075847e+02
3.417484350875460564e+02 2.791687907690677548e+02
3.419018825153029297e+02 2.801576022735326887e+02
3.420483542762568163e+02 2.811474713596977040e+02
3.421875767178829051e+02 2.821383871609844505e+02
3.423193711323472712e+02 2.831303174910169673e+02
3.424441606643795240e+02 2.841231526341549625e+02
3.425619298669348041e+02 2.851168461455972079e+02
3.426721028696103986e+02 2.861114108724178777e+02
3.427751115133474400e+02 2.871067417953518088e+02
3.428710505520161291e+02 2.881027790214811262e+02
3.429597884963238243e+02 2.890994849272506713e+02
3.430408731330581986e+02 2.900968422792545880e+02
3.431148227900345660e+02 2.910947528189565219e+02
3.431816092579161364e+02 2.920931687855468226e+02
3.432409810045108998e+02 2.930920541720497567e+02
3.432927338572564508e+02 2.940913625963569871e+02
3.433372349101994132e+02 2.950910192599824882e+02
3.433744477155793788e+02 2.960909742816174344e+02
3.434041294465854435e+02 2.970911822365566195e+02
3.434260678204988722e+02 2.980915893430727124e+02
3.434406039792748402e+02 2.990921303582791211e+02
3.434476924229285260e+02 3.000927521310573525e+02
3.434472480111791128e+02 3.010934002759801729e+02
3.434387542827164452e+02 3.020940123239328727e+02
3.434226711418098148e+02 3.030945297500504125e+02
3.433989431178737846e+02 3.040948947844548798e+02
3.433675120545701134e+02 3.050950482125372218e+02
3.433281248027134325e+02 3.060949208599844837e+02
3.432806171277424028e+02 3.070944399096914594e+02
3.432252260383479552e+02 3.080935519711685515e+02
3.431618820868951047e+02 3.090921911449461845e+02
3.430905127595050317e+02 3.100902894966586700e+02
3.430110123148714933e+02 3.110877743900953760e+02
3.429229427181381880e+02 3.120845390941479423e+02
3.428266239012408505e+02 3.130805391165023934e+02
3.427219705782842425e+02 3.140756972065051968e+02
3.426088939747843369e+02 3.150699333137419558e+02
3.424873017327945490e+02 3.160631644054913068e+02
3.423570978149245434e+02 3.170553042733133111e+02
3.422180302962249243e+02 3.180462412440393223e+02
3.420699912409141916e+02 3.190358770034848135e+02
3.419130462023876476e+02 3.200241383909300907e+02
3.417470840957663540e+02 3.210109248185369211e+02
3.415719897167452928e+02 3.219961314071695710e+02
3.413876436493644633e+02 3.229796487171227568e+02
3.411939221763673231e+02 3.239613624630948152e+02
3.409906971930251984e+02 3.249411532125940880e+02
3.407778361254219703e+02 3.259188960669533230e+02
3.405552018543271515e+02 3.268944603241242248e+02
3.403226526459235401e+02 3.278677091224256515e+02
3.400800420908140040e+02 3.288384990644307209e+02
3.398272190529064005e+02 3.298066798202031578e+02
3.395640276299569678e+02 3.307720937091274891e+02
3.392903071277634126e+02 3.317345752596322086e+02
3.390058920502132196e+02 3.326939507461743801e+02
3.387106121076375302e+02 3.336500377029495894e+02
3.384042922461732132e+02 3.346026444139066598e+02
3.380867527011120046e+02 3.355515693787973532e+02
3.377578090775086253e+02 3.364966007551708458e+02
3.374172724616250321e+02 3.374375157764440019e+02
3.370649495671146383e+02 3.383740801464427363e+02
3.367006429201874766e+02 3.393060474111234726e+02
3.363241510883376009e+02 3.402331583085519924e+02
3.359352689575758859e+02 3.411551400986519411e+02
3.355337880634531871e+02 3.420717058747306965e+02
3.351194969815154536e+02 3.429825538593722172e+02
3.346921302386530783e+02 3.438873418746508150e+02
3.342510868655070908e+02 3.447855416443133549e+02
3.337965406512496997e+02 3.456769811036833744e+02
3.333282728707047227e+02 3.465612880292551949e+02
3.328460650648553951e+02 3.474380715094241623e+02
3.323496433438830877e+02 3.483068882650068190e+02
3.318381890399001577e+02 3.491669403996687038e+02
3.313121021843638232e+02 3.500181166347131807e+02
3.307711759359880261e+02 3.508599399422892020e+02
3.302149217786349595e+02 3.516917151673617354e+02
3.296428155640803652e+02 3.525126660629891830e+02
3.290552475783557043e+02 3.533226198640158486e+02
3.284518275918385370e+02 3.541208346546633265e+02
3.278317954003684349e+02 3.549062137722037278e+02
3.271957957431770865e+02 3.556787163283698305e+02
3.265431414830443373e+02 3.564371987224726013e+02
3.258737086019806952e+02 3.571809127407334472e+02
3.251879313186813079e+02 3.579095838959597131e+02
3.244846562096058165e+02 3.586213801228506668e+02
3.237650279378445362e+02 3.593166357398819741e+02
3.230280556728329202e+02 3.599934752827870170e+02
3.222745536929518266e+02 3.606518622364052362e+02
3.215040121589152591e+02 3.612902172925911941e+02
3.207170586344280991e+02 3.619082279502814572e+02
3.199134580838469901e+02 3.625044248562524558e+02
3.190939198504448768e+02 3.630785199661964384e+02
3.182582772937410027e+02 3.636289025193579505e+02
3.174075137552873684e+02 3.641556146742763644e+02
3.165413975742895900e+02 3.646566735817806943e+02
3.156612878771786654e+02 3.651327294801053540e+02
3.147668336080513427e+02 3.655812504283292697e+02
3.138596528940294661e+02 3.660034311908239602e+02
3.129398238241536205e+02 3.663973014930127761e+02
3.120089429839622994e+02 3.667642813415924934e+02
3.110675392671201394e+02 3.671033706032486634e+02
3.101168941750482873e+02 3.674156067265565753e+02
3.091577245024070066e+02 3.677005991214836627e+02
3.081911013545912965e+02 3.679591789186956134e+02
3.072177751446378693e+02 3.681912750134557086e+02
3.062387029236118678e+02 3.683977909560400690e+02
3.052545561479508365e+02 3.685786044863912707e+02
3.042662392811602103e+02 3.687350336704758433e+02
3.032742888544536868e+02 3.688664865267878668e+02
3.022795545615011861e+02 3.689748977537707333e+02
3.012824948281481170e+02 3.690592972476199520e+02
3.002838060359837300e+02 3.691215177974100357e+02
2.992839861966320427e+02 3.691616972375859405e+02
2.982835255605867246e+02 3.691800148499876855e+02
2.972828986137232050e+02 3.691778972541275152e+02
2.962825254517932194e+02 3.691551919171172926e+02
2.952828031730625185e+02 3.691125534646052415e+02
2.942840639735937316e+02 3.690510397962913203e+02
2.932866449491104959e+02 3.689708851769410103e+02
2.922908943573399370e+02 3.688721353556867371e+02
2.912970222167160159e+02 3.687560053197329353e+02
2.903052727834737539e+02 3.686229476367172424e+02
2.893158920933084914e+02 3.684732720087155826e+02
2.883291624382219425e+02 3.683070118338026191e+02
2.873451840537011321e+02 3.681251847940384323e+02
2.863641282443737168e+02 3.679281973235122223e+02
2.853861519116155137e+02 3.677164442257493420e+02
2.844113986073709270e+02 3.674903085451092579e+02
2.834400352383366908e+02 3.672500213082728351e+02
2.824722068836552467e+02 3.669958699075962727e+02
2.815079579965698713e+02 3.667284626797305691e+02
2.805473868613344735e+02 3.664481330824443717e+02
2.795905830494615998e+02 3.661552031988677527e+02
2.786376281464843601e+02 3.658499839331448698e+02
2.776885964311160819e+02 3.655327752330348403e+02
2.767435555087380408e+02 3.652038663344181941e+02
2.758025669012711205e+02 3.648635360232370317e+02
2.748656865955715034e+02 3.645120529109246377e+02
2.739329655525315843e+02 3.641496757198626710e+02
2.730044501790764571e+02 3.637766535758444775e+02
2.720801827652294946e+02 3.633932263049169933e+02
2.711602018883806977e+02 3.629996247323362013e+02
2.702445427868364050e+02 3.625960709816909002e+02
2.693332377046608030e+02 3.621827787725370627e+02
2.684263162097415716e+02 3.617599537151426148e+02
2.675238054869294615e+02 3.613277936011694464e+02
2.666257306080100307e+02 3.608864886893196058e+02
2.657321147801784491e+02 3.604362219851522582e+02
2.648429795745945512e+02 3.599771695144302157e+02
2.639583451365043629e+02 3.595095005894940527e+02
2.630782303783256566e+02 3.590333780682771021e+02
2.622027670546249283e+02 3.585487552875811161e+02
2.613318989344626289e+02 3.580559245267173196e+02
2.604656150926749092e+02 3.575550812313607594e+02
2.596039311917242003e+02 3.570463656005795769e+02
2.587468624158819921e+02 3.565299125092391250e+02
2.578944235884717386e+02 3.560058517227312791e+02
2.570466292793853427e+02 3.554743081037360639e+02
2.562035731923285766e+02 3.549352790695922977e+02
2.553653442180071522e+02 3.543887747310797067e+02
2.545318167798818365e+02 3.538351281749883128e+02
2.537030054036655429e+02 3.532744470068449232e+02
2.528789247906226763e+02 3.527068348202388393e+02
2.520595898824215908e+02 3.521323913615130436e+02
2.512452081288731733e+02 3.515509461210403970e+02
2.504357100236527174e+02 3.509627226300671055e+02
2.496310186618970022e+02 3.503679418344727310e+02
2.488311506070996302e+02 3.497666898935394784e+02
2.480361229311330646e+02 3.491590498293826386e+02
2.472462116193913459e+02 3.485447725918553488e+02
2.464612703468787913e+02 3.479241591181395847e+02
2.456812386675623827e+02 3.472973870377188632e+02
2.449061362146246097e+02 3.466645282709438334e+02
2.441361021561487803e+02 3.460255102457530825e+02
2.433713108971923305e+02 3.453802276598130447e+02
2.426115269360010416e+02 3.447290584491228174e+02
2.418567730377574492e+02 3.440720651136201127e+02
2.411071431935475857e+02 3.434092290363365692e+02
2.403629510984248441e+02 3.427402940655607608e+02
2.396238776118412375e+02 3.420657100671959938e+02
2.388899490897453290e+02 3.413855315909600563e+02
2.381613032360742750e+02 3.406996950325033140e+02
2.374382169636314757e+02 3.400080001747603546e+02
2.367203760194973370e+02 3.393108649614338788e+02
2.360078107317470710e+02 3.386083372897637673e+02
2.353007887775357005e+02 3.379002296249653341e+02
2.345993794529790932e+02 3.371865633744553179e+02
2.339033591163961887e+02 3.364676414028793943e+02
2.332127623954409330e+02 3.357435061163778300e+02
2.325280707792304042e+02 3.350137843234429056e+02
2.318489799931047912e+02 3.342788495214599038e+02
2.311754401280784350e+02 3.335388240421735304e+02
2.305076520605276755e+02 3.327936022620322092e+02
2.298459077444910577e+02 3.320430094920006354e+02
2.291898528227058023e+02 3.312874402779713705e+02
2.285395302072383288e+02 3.305269299666421148e+02
2.278954736613458465e+02 3.297611052598950891e+02
2.272573660699115692e+02 3.289903187448412041e+02
2.266251447285845870e+02 3.282146965484349721e+02
2.259991100870174989e+02 3.274340706590328409e+02
2.253794478254997955e+02 3.266483780437014275e+02
2.247658379320161828e+02 3.258579506017605922e+02
2.241583541024913870e+02 3.250628030931329135e+02
2.235576719278806195e+02 3.242625051187654890e+02
2.229632207527449737e+02 3.234575702403759010e+02
2.223750565798497121e+02 3.226480288740642095e+02
2.217937210677541771e+02 3.218335690184077862e+02
2.212190138534083985e+02 3.210144205085594535e+02
2.206507892017860968e+02 3.201907618606041979e+02
2.200893891055918630e+02 3.193624348881485275e+02
2.195350496876364446e+02 3.185293674732344016e+02
2.189874013808588415e+02 3.176918872226364670e+02
2.184465825986357856e+02 3.168499783141407420e+02
2.179132737157555368e+02 3.160032927055426626e+02
2.173868775015665733e+02 3.151522942605182607e+02
2.168674637162632450e+02 3.142970144868016860e+02
2.163557445869875551e+02 3.134371082415670458e+02
2.158513149177519210e+02 3.125729080319085824e+02
2.153541061974251534e+02 3.117045326189625598e+02
2.148646330671707005e+02 3.108317720844755740e+02
2.143829223839088058e+02 3.099547050468798943e+02
2.139086835959424207e+02 3.090735759224500043e+02
2.134422194561660717e+02 3.081883042760849207e+02
2.129840168765223325e+02 3.072987295336998841e+02
2.125335489590899272e+02 3.064052147641310171e+02
2.120908982254270541e+02 3.055077991288434305e+02
2.116570185054325179e+02 3.046061102432611278e+02
2.112311561767394608e+02 3.037006099429624442e+02
2.108133879883477846e+02 3.027913455265299376e+02
2.104044427330847213e+02 3.018780779066386231e+02
2.100040133706074812e+02 3.009610467246241114e+02
2.096118300584628855e+02 3.000404584587415684e+02
2.092282521613972222e+02 2.991162495269362012e+02
2.088534012277440013e+02 2.981884681286750265e+02
2.084867392048830084e+02 2.972574208888032103e+02
2.081283588439744960e+02 2.963231521618007491e+02
2.077789047437325394e+02 2.953855085220435512e+02
2.074375812829084680e+02 2.944448765890634263e+02
2.071043714827917483e+02 2.935013381626393425e+02
2.067799709048947534e+02 2.925547341823237275e+02
2.064638034682455441e+02 2.916053506715803678e+02
2.061556933267983140e+02 2.906533211541627111e+02
2.058560510068672897e+02 2.896985911189730132e+02
2.055648629691484643e+02 2.887412501030002545e+02
2.052816793334837655e+02 2.877815114314454377e+02
2.050066166627946984e+02 2.868194117610634066e+02
2.047402425089561291e+02 2.858548708438078734e+02
2.044818249857760577e+02 2.848881694306609234e+02
2.042313522125545262e+02 2.839193776369787656e+02
2.039894643870520667e+02 2.829484060946776935e+02
2.037556699178580004e+02 2.819754558811757192e+02
2.035297816504296406e+02 2.810006394666777965e+02
2.033121032696774648e+02 2.800239554458433986e+02
2.031028103082091150e+02 2.790454412368041517e+02
2.029013934321594945e+02 2.780652764119294602e+02
2.027078474792798204e+02 2.770835252169331397e+02
2.025229102263793379e+02 2.761001158121161438e+02
2.023458782254082280e+02 2.751152544804517106e+02
2.021767002669401734e+02 2.741290131251795401e+02
2.020157121017263933e+02 2.731414005311086726e+02
2.018630085463646253e+02 2.721524741474311213e+02
2.017181533817625052e+02 2.711623685279835172e+02
2.015811503171127583e+02 2.701711443226367919e+02
2.014526483191283717e+02 2.691787818659622076e+02
2.013321052328343228e+02 2.681854229143447128e+02
2.012194253609628447e+02 2.671911412215757196e+02
2.011147619364030561e+02 2.661959821353204916e+02
2.010185578195780352e+02 2.651999701637741396e+02
2.009302418130603201e+02 2.642032291912777850e+02
2.008498285194939683e+02 2.632058188997724528e+02
2.007776253648076761e+02 2.622077794490543283e+02
2.007137556213534424e+02 2.612091730007674641e+02
2.006578336412396766e+02 2.602100909597055534e+02
2.006098811693636890e+02 2.592105938498395972e+02
2.005702464383586232e+02 2.582107312925032829e+02
2.005389592395953855e+02 2.572105737676394028e+02
2.005157087476502795e+02 2.562101980869168756e+02
2.005005245678846961e+02 2.552096667379070425e+02
2.004936659880750085e+02 2.542090424428699862e+02
2.004953276966620024e+02 2.532083968084108108e+02
2.005051471465405086e+02 2.522077991876635394e+02
2.005231625709636774e+02 2.512073153110055728e+02
2.005494144985754588e+02 2.502070120051354252e+02
2.005845015123392727e+02 2.492069795646036141e+02
2.006279212767795457e+02 2.482072759690840655e+02
2.006797025514195525e+02 2.472079710926972211e+02
2.007398955442221222e+02 2.462091368955406381e+02
2.008086441273565868e+02 2.452108536517294510e+02
2.008863379391531794e+02 2.442132271098248566e+02
2.009725978489692011e+02 2.432163062503517494e+02
2.010674846311877104e+02 2.422201699812565039e+02
2.011710618983471761e+02 2.412248993432425266e+02
2.012833961707489721e+02 2.402305776547877656e+02
2.014048915643381861e+02 2.392373333052811120e+02
2.015353867487231128e+02 2.382452325728203846e+02
2.016748425796083382e+02 2.372543527679577551e+02
2.018233375684824864e+02 2.362647875763969125e+02
2.019809534588657698e+02 2.352766337966144761e+02
2.021477752955306357e+02 2.342899915363008745e+02
2.023239236128870004e+02 2.333049703280222786e+02
2.025097638132926079e+02 2.323217317870900729e+02
2.027050685545196131e+02 2.313403308581476097e+02
2.029099362196391496e+02 2.303608825412893566e+02
2.031244687769626580e+02 2.293835062642909293e+02
2.033487718335371426e+02 2.284083261478502891e+02
2.035829546836692430e+02 2.274354712847603253e+02
2.038271303515080604e+02 2.264650760335898951e+02
2.040814156266040982e+02 2.254972803274400803e+02
2.043459310912386400e+02 2.245322299983191954e+02
2.046208011381878578e+02 2.235700771176497028e+02
2.049061539774406242e+02 2.226109803533788636e+02
2.052021636359262118e+02 2.216551186152340733e+02
2.055089630218608079e+02 2.207026655518199618e+02
2.058266268649876736e+02 2.197537813386222751e+02
2.061552975394758107e+02 2.188086536736721825e+02
2.064951210215180595e+02 2.178674788040825661e+02
2.068462467935552240e+02 2.169304619823192866e+02
2.072088277229061362e+02 2.159978179397551799e+02
2.075830199118535688e+02 2.150697713770236135e+02
2.079690631831304870e+02 2.141465917971122792e+02
2.083671086476979610e+02 2.132285242495008788e+02
2.087772842021821589e+02 2.123158130587707433e+02
2.091997575807334897e+02 2.114087302014103784e+02
2.096346984139104279e+02 2.105075604304891499e+02
2.100822778195538376e+02 2.096126018441836720e+02
2.105426679365354232e+02 2.087241664575839479e+02
2.110160413966097508e+02 2.078425807738156266e+02
2.115025707294811639e+02 2.069681863498158521e+02
2.120024276961318321e+02 2.061013403513336470e+02
2.125160266671343550e+02 2.052425645449256990e+02
2.130435578270069072e+02 2.043922780746727028e+02
2.135849585065656981e+02 2.035507579099160864e+02
2.141403888641602862e+02 2.027184324035494569e+02
2.147100034675418101e+02 2.018957479951968992e+02
2.152941996289297890e+02 2.010833521778284307e+02
2.158933223877937735e+02 2.002819030611710787e+02
2.165070830686598811e+02 1.994916116450642960e+02
2.171355988820631353e+02 1.987130029992168545e+02
2.177793422952943558e+02 1.979469360418301278e+02
2.184385141274671298e+02 1.971941061407129610e+02
2.191127350225096393e+02 1.964547266210533110e+02
2.198021878194086014e+02 1.957295273532574527e+02
2.205075762354906601e+02 1.950198203805928188e+02
2.212281166795090996e+02 1.943255069006214910e+02
2.219640013268300720e+02 1.936474766534058176e+02
2.227157465452804104e+02 1.929870765694859358e+02
2.234824864023566988e+02 1.923441500743090273e+02
2.242646567192435327e+02 1.917200897791922500e+02
2.250620098503684972e+02 1.911155508546275996e+02
2.258739031916985596e+02 1.905306818095926076e+02
2.267010537467311622e+02 1.899675988334873011e+02
2.275421627530720912e+02 1.894255937553831188e+02
2.283975316451426636e+02 1.889063892032872900e+02
2.292664842065290713e+02 1.884102543650001280e+02
2.301485151594355045e+02 1.879377639552756136e+02
2.310434852773938132e+02 1.874902651233326196e+02
