2.825129870129870255e+02 1.967640692640692350e+02
2.834922943727384563e+02 1.969618793559718597e+02
2.844658171654428429e+02 1.971864328917737055e+02
2.854324459546843968e+02 1.974390189983414530e+02
2.863919302869431931e+02 1.977175200650364388e+02
2.873433496735279391e+02 1.980224353121052445e+02
2.882863996678157150e+02 1.983523338066906092e+02
2.892204902421522092e+02 1.987068071244559633e+02
2.901451075340658008e+02 1.990853100354999015e+02
2.910601704259503322e+02 1.994863671514351608e+02
2.919647510960763270e+02 1.999105419510351567e+02
2.928591900982781340e+02 2.003557027910175066e+02
2.937428062074383774e+02 2.008219794548226105e+02
2.946154859209640904e+02 2.013084188230420182e+02
2.954773456489139107e+02 2.018137868320421262e+02
2.963276363498124510e+02 2.023383885753701463e+02
2.971667083600689807e+02 2.028807511090327296e+02
2.979945768156853774e+02 2.034400709645526035e+02
2.988106682805295691e+02 2.040164408195237229e+02
2.996152802550533352e+02 2.046087287042311686e+02
3.004085371695084632e+02 2.052161418236624684e+02
3.011903283185538385e+02 2.058382482876823474e+02
3.019602845430964635e+02 2.064749449057490551e+02
3.027189068594504988e+02 2.071251013978563265e+02
3.034662234055978729e+02 2.077882234293187196e+02
3.042022732404188332e+02 2.084638337322109010e+02
3.049268237227060467e+02 2.091517641045792288e+02
3.056400797073044941e+02 2.098513967419253845e+02
3.063422673232545890e+02 2.105621360459560663e+02
3.070334577822680444e+02 2.112835748357060197e+02
3.077137274638826625e+02 2.120153217437728586e+02
3.083831570650743856e+02 2.127570008189303223e+02
3.090418308227195325e+02 2.135082510976277490e+02
3.096896688461276881e+02 2.142688665084769752e+02
3.103268854124915492e+02 2.150384012515541485e+02
3.109536409962947232e+02 2.158164787559286708e+02
3.115700272072620010e+02 2.166027957575696519e+02
3.121761362038012066e+02 2.173970614622638777e+02
3.127720602814496260e+02 2.181989970574934716e+02
3.133578915057098015e+02 2.190083352284405294e+02
3.139337213857577353e+02 2.198248196805120642e+02
3.144996405856720116e+02 2.206482046703625315e+02
3.150557386700107827e+02 2.214782545470235675e+02
3.156021038807508035e+02 2.223147433044261732e+02
3.161388229427819851e+02 2.231574541463199353e+02
3.166659808953430115e+02 2.240061790643444795e+02
3.171836609469589803e+02 2.248607184297978847e+02
3.176919443516213164e+02 2.257208805994625607e+02
3.181909103041193703e+02 2.265864815356924566e+02
3.186806358525950031e+02 2.274573444408330261e+02
3.191611958265473277e+02 2.283332994059327916e+02
3.196326627786585846e+02 2.292141830736136399e+02
3.200949601117474685e+02 2.300999139524585644e+02
3.205482146384595126e+02 2.309903054007729963e+02
3.209925612282192446e+02 2.318851745878513384e+02
3.214280633419765536e+02 2.327843805408164997e+02
3.218547820080038377e+02 2.336877873982099629e+02
3.222727758193984755e+02 2.345952641478893952e+02
3.226821009375485687e+02 2.355066843768437366e+02
3.230828111007835446e+02 2.364219260324772733e+02
3.234749259356689777e+02 2.373408845398901974e+02
3.238581884970620877e+02 2.382635699503476872e+02
3.242329670911846620e+02 2.391897323217594362e+02
3.245993061257034924e+02 2.401192644185070719e+02
3.249572476605941347e+02 2.410520623459198077e+02
3.253068314360918407e+02 2.419880253684418392e+02
3.256480949022284221e+02 2.429270557362936813e+02
3.259806588613943745e+02 2.438692024363221265e+02
3.263049152349270230e+02 2.448142389438442308e+02
3.266209357597548433e+02 2.457620605073931017e+02
3.269287490998295880e+02 2.467125793997235519e+02
3.272283817717673173e+02 2.476657101293590983e+02
3.275195141483217185e+02 2.486214722664922192e+02
3.278023239091323262e+02 2.495797287684401908e+02
3.280770061844448833e+02 2.505403456073256621e+02
3.283435792265599957e+02 2.515032446583931289e+02
3.286020592963989202e+02 2.524683494230693555e+02
3.288519208290665006e+02 2.534357214714868007e+02
3.290936649137323116e+02 2.544051521818194601e+02
3.293273396918313551e+02 2.553765590833563124e+02
3.295529537191647478e+02 2.563498708444290628e+02
3.297701729748193316e+02 2.573250914394768074e+02
3.299790510640435741e+02 2.583021313920761486e+02
3.301798698600396733e+02 2.592808586763903236e+02
3.303726306572633007e+02 2.602612056178440980e+02
3.305570686280739210e+02 2.612431536941174386e+02
3.307330381166125335e+02 2.622266537239877948e+02
3.309009300558296900e+02 2.632115636656619699e+02
3.310607389252107851e+02 2.641978181597283424e+02
3.312121597824153127e+02 2.651853965327882179e+02
3.313550694244038368e+02 2.661742413870833275e+02
3.314898566837110252e+02 2.671642250163909580e+02
3.316165096786528466e+02 2.681552831656661056e+02
3.317345854637410980e+02 2.691474007596709157e+02
3.318441818581680991e+02 2.701404894418785148e+02
3.319455862290967048e+02 2.711344473289233861e+02
3.320387808064012916e+02 2.721292101615308070e+02
3.321230968151683101e+02 2.731247652531043855e+02
3.321990313672579305e+02 2.741209928396716009e+02
3.322666813485229795e+02 2.751178172546179894e+02
3.323258769872020366e+02 2.761151812146642897e+02
3.323760846524141357e+02 2.771130374577757607e+02
3.324179212484100958e+02 2.781112780728712437e+02
3.324513599254203768e+02 2.791098362373062400e+02
3.324758883159328775e+02 2.801086540773939078e+02
3.324916105096072556e+02 2.811076478043677866e+02
3.324988342156427734e+02 2.821067385512912438e+02
3.324974954063112591e+02 2.831058566101845031e+02
3.324867730648178394e+02 2.841049178668440049e+02
3.324674424593421804e+02 2.851038474951008652e+02
3.324394696156109035e+02 2.861025732633007692e+02
3.324023564486053601e+02 2.871010024627218513e+02
3.323561079342691187e+02 2.880990486758578868e+02
3.323010972044177151e+02 2.890966495673667964e+02
3.322372428407725806e+02 2.900937256970882459e+02
3.321636927831182220e+02 2.910901333115217540e+02
3.320812547017630436e+02 2.920858426758777000e+02
3.319898900894715439e+02 2.930807736742160614e+02
3.318890112296691655e+02 2.940747863184687390e+02
3.317787429071973975e+02 2.950677993560098002e+02
3.316594190423055579e+02 2.960597644839378972e+02
3.315308875988213231e+02 2.970505809720960997e+02
3.313925904205994470e+02 2.980400811086905151e+02
3.312453889751243992e+02 2.990282939925151027e+02
3.310893585378913144e+02 3.000151529959483128e+02
3.309239071136142343e+02 3.010004772356511467e+02
3.307495574391568880e+02 3.019842639929340748e+02
3.305666173445334266e+02 3.029664897967113006e+02
3.303748604371666602e+02 3.039470343296673605e+02
3.301740864082345297e+02 3.049257713340751934e+02
3.299649529739905347e+02 3.059027551630434232e+02
3.297475296618466132e+02 3.068779297509621529e+02
3.295210744508528933e+02 3.078510468236150928e+02
3.292864388908295155e+02 3.088222218323145967e+02
3.290437322041017865e+02 3.097914121724957681e+02
3.287925444320038650e+02 3.107584403987179940e+02
3.285330691602684396e+02 3.117232764883024743e+02
3.282657310102304677e+02 3.126859632658643591e+02
3.279904336360299340e+02 3.136464061469479816e+02
3.277067493508481562e+02 3.146044047778341906e+02
3.274153991048424359e+02 3.155600984912530294e+02
3.271164405545993077e+02 3.165134411101161618e+02
3.268092894423199368e+02 3.174641764276556160e+02
3.264945118852527912e+02 3.184124122751329082e+02
3.261723069495110394e+02 3.193581505445518474e+02
3.258423984482112132e+02 3.203012305727933722e+02
3.255047422780652937e+02 3.212415634268237454e+02
3.251598271389676711e+02 3.221792572989123755e+02
3.248076804830911897e+02 3.231142613554837340e+02
3.244476572493097137e+02 3.240462608345471835e+02
3.240805306702540065e+02 3.249754833581612843e+02
3.237063446517499870e+02 3.259018865418975679e+02
3.233247154326945747e+02 3.268252494419073741e+02
3.229358381622179763e+02 3.277455819519195188e+02
3.225400398459695452e+02 3.286629589785688950e+02
3.221372656682030424e+02 3.295772964712142539e+02
3.217270601113812631e+02 3.304883238438821422e+02
3.213100588505697601e+02 3.313962592599078789e+02
3.208862958748210872e+02 3.323010594760989420e+02
3.204553963716460316e+02 3.332024837758654598e+02
3.200175630504002697e+02 3.341005593541893290e+02
3.195730760045958050e+02 3.349953601106965380e+02
3.191219361664327607e+02 3.358868269720347257e+02
3.186636032869285486e+02 3.367746169859847782e+02
3.181987116620223901e+02 3.376589884469780145e+02
3.177272853633043610e+02 3.385398943535068383e+02
3.172491204041630795e+02 3.394171620226502455e+02
3.167641055848808946e+02 3.402906603860332666e+02
3.162726338754528683e+02 3.411605411542087722e+02
3.157747237443992958e+02 3.420267537633208690e+02
3.152700516831940263e+02 3.428890451513057087e+02
3.147587653411297879e+02 3.437474299090220597e+02
3.142411013145252241e+02 3.446019829875999676e+02
3.137170724964028068e+02 3.454526491578831155e+02
3.131863287492528798e+02 3.462991427572964653e+02
3.126490916625493242e+02 3.471415288017317380e+02
3.121055336619085097e+02 3.479798495045524760e+02
3.115556621004041062e+02 3.488140437498156530e+02
3.109992014001814482e+02 3.496438580561421645e+02
3.104362459407528831e+02 3.504692787884665108e+02
3.098670041788017784e+02 3.512903759252764075e+02
3.092914779801666327e+02 3.521070810876405517e+02
3.087095767459315994e+02 3.529192579155088083e+02
3.081210484606691011e+02 3.537266449984844598e+02
3.075262467071368064e+02 3.545294200107737765e+02
3.069251679511726252e+02 3.553275057387734250e+02
3.063178073368620176e+02 3.561208224246661871e+02
3.057039869913570556e+02 3.569091527187372321e+02
3.050836649003649654e+02 3.576923762048750177e+02
3.044570521808051922e+02 3.584705746585457291e+02
3.038241387656498205e+02 3.592436571603509492e+02
3.031849133157568303e+02 3.600115295864162022e+02
3.025393449440020959e+02 3.607740788340089466e+02
3.018871370806970162e+02 3.615309569806649392e+02
3.012285898911414392e+02 3.622823239912790996e+02
3.005636871992799115e+02 3.630280717590246695e+02
2.998924116686860089e+02 3.637680881627487111e+02
2.992147448327512507e+02 3.645022568781008090e+02
2.985306671297570347e+02 3.652304571800846134e+02
2.978400497960955704e+02 3.659524592948474151e+02
2.971428608097220376e+02 3.666681167159742358e+02
2.964392114135880547e+02 3.673774215320484018e+02
2.957290783131460898e+02 3.680802339704167707e+02
2.950124374017000832e+02 3.687764087809082412e+02
2.942892638377696244e+02 3.694657949843979168e+02
2.935595321324988731e+02 3.701482356110637397e+02
2.928232162481526757e+02 3.708235674281744991e+02
2.920802897088334475e+02 3.714916206573000750e+02
2.913307257246469817e+02 3.721522186808950323e+02
2.905744973306431120e+02 3.728051777382707996e+02
2.898115775419671536e+02 3.734503066110640361e+02
2.890418933694907651e+02 3.740873499117855090e+02
2.882654697258743681e+02 3.747161609225545362e+02
2.874822928462137384e+02 3.753365398984404919e+02
2.866923377214263269e+02 3.759482640087269374e+02
2.858955803716716559e+02 3.765511013429076002e+02
2.850919981288975009e+02 3.771448105459948579e+02
2.842815699482364380e+02 3.777291404476666230e+02
2.834642406196765023e+02 3.783037776485567747e+02
2.826399833796966732e+02 3.788684313616150803e+02
2.818088129730351739e+02 3.794228566446274158e+02
2.809707188569122422e+02 3.799667569770631985e+02
2.801256942770718297e+02 3.804998240201387603e+02
2.792737368176883024e+02 3.810217372496907160e+02
2.784148489995844216e+02 3.815321636012356521e+02
2.775490389296080025e+02 3.820307571316945996e+02
2.766763210039572982e+02 3.825171587028876274e+02
2.757967166681246454e+02 3.829909956925744723e+02
2.749101287898949977e+02 3.834516342121955859e+02
2.740165932226616974e+02 3.838986430106472199e+02
2.731162759919400855e+02 3.843318252815812457e+02
2.722092373318251362e+02 3.847507490068944094e+02
2.712955495091642319e+02 3.851549678627832805e+02
2.703751270203724744e+02 3.855436077760611511e+02
2.694480954616217900e+02 3.859162028441197094e+02
2.685147157948788390e+02 3.862725914265769234e+02
2.675751239212828523e+02 3.866122682360417002e+02
2.666292056398378918e+02 3.869339050001622127e+02
2.656773426581177660e+02 3.872374881375864675e+02
2.647198081525340854e+02 3.875226789491387080e+02
2.637566047102115476e+02 3.877880903193309905e+02
2.627881106978384196e+02 3.880334863887352412e+02
2.618147255936856368e+02 3.882587052244843449e+02
2.608364847296038533e+02 3.884617912201687204e+02
2.598540199562106636e+02 3.886433294504234937e+02
2.588676225582061079e+02 3.888021052477416788e+02
2.578777159741061951e+02 3.889372849868272510e+02
2.568848783290040387e+02 3.890489099752374500e+02
2.558895101981592859e+02 3.891350956708144508e+02
2.548923253965740230e+02 3.891968024944443414e+02
2.538938365888400597e+02 3.892314818095057376e+02
2.528947886989402036e+02 3.892405960300766310e+02
2.518958825368401335e+02 3.892215543626969634e+02
2.508978390763829793e+02 3.891758986675210394e+02
2.499015621899090149e+02 3.891010346804280857e+02
2.489077348102674421e+02 3.889986863886505262e+02
2.479174364843539706e+02 3.888664870205387274e+02
2.469313224929283308e+02 3.887060528043127192e+02
2.459505684381637423e+02 3.885155680315133964e+02
2.449757632429293608e+02 3.882966795937560960e+02
2.440079315398126028e+02 3.880487532890059583e+02
2.430475492847528187e+02 3.877733866699057330e+02
2.420954950025191579e+02 3.874704634998756205e+02
2.411521662325356772e+02 3.871413780543751955e+02
2.402183147980126421e+02 3.867862776861333600e+02
2.392941975577726339e+02 3.864065664435522081e+02
2.383805297099252982e+02 3.860023493413175970e+02
2.374773064285030557e+02 3.855753017557047997e+02
2.365853677145903191e+02 3.851251545628247186e+02
2.357043276720711447e+02 3.846540285382654361e+02
2.348351991467550874e+02 3.841612719281802697e+02
2.339774664190386773e+02 3.836489369836503442e+02
2.331316217066354284e+02 3.831172025663246359e+02
2.322978177699458229e+02 3.825667767501748244e+02
2.314757292508965065e+02 3.819989981518023683e+02
2.306660191946654948e+02 3.814136999981839722e+02
2.298682894071058911e+02 3.808121767234109711e+02
2.290823945722854376e+02 3.801952671762119849e+02
2.283088205272109406e+02 3.795629745719439825e+02
2.275472399171400468e+02 3.789162874010021937e+02
2.267974230788261991e+02 3.782559955725128020e+02
2.260593596012005548e+02 3.775825864300462626e+02
2.253334776379893754e+02 3.768960629388883490e+02
2.246191563818964028e+02 3.761975214518002417e+02
2.239163174706214079e+02 3.754874276457417750e+02
2.232248750899705954e+02 3.747662290007207844e+02
2.225448673895231195e+02 3.740342359060347235e+02
2.218763307771113205e+02 3.732917513658142070e+02
2.212188677240222603e+02 3.725394455105980001e+02
2.205723729828677335e+02 3.717776937724930235e+02
2.199367387243096914e+02 3.710068557948780494e+02
2.193118552220807658e+02 3.702272759708425838e+02
2.186976114696266507e+02 3.694392839923527276e+02
2.180938957331071890e+02 3.686431954048707667e+02
2.175005960454002434e+02 3.678393121629198959e+02
2.169177477861022680e+02 3.670278187951425366e+02
2.163450657857075612e+02 3.662091199862149438e+02
2.157824392275779815e+02 3.653834789594156405e+02
2.152297597653474952e+02 3.645511467635667486e+02
2.146869205707151878e+02 3.637123636601354519e+02
2.141538165543704224e+02 3.628673596174035652e+02
2.136303445561854346e+02 3.620163547894817953e+02
2.131164035076263303e+02 3.611595599794675309e+02
2.126118945691185047e+02 3.602971770862753260e+02
2.121167212448906128e+02 3.594293995348666044e+02
2.116307894776269904e+02 3.585564126897695019e+02
2.111540077250623710e+02 3.576783942519203947e+02
2.106863652463991343e+02 3.567954737324500911e+02
2.102277857833828421e+02 3.559078125942251063e+02
2.097781173024586110e+02 3.550156050846781000e+02
2.093372782796689933e+02 3.541190027756254040e+02
2.089051899074345329e+02 3.532181512598141353e+02
2.084817760990039233e+02 3.523131904580351943e+02
2.080669634851534795e+02 3.514042549118342436e+02
2.076606814041634266e+02 3.504914740623392504e+02
2.072628618859958465e+02 3.495749725157359649e+02
2.068734396315078357e+02 3.486548702959302659e+02
2.064925322967912962e+02 3.477312097510863964e+02
2.061200640055717201e+02 3.468041147712051497e+02
2.057558285315801641e+02 3.458737555912245512e+02
2.053997707159045945e+02 3.449402366526887249e+02
2.050518379415609047e+02 3.440036588824930845e+02
2.047119800953543916e+02 3.430641198824326921e+02
2.043802071243506475e+02 3.421216941257877124e+02
2.040567905082072002e+02 3.411763683175479400e+02
2.037413271550602190e+02 3.402283602157421001e+02
2.034337764372650383e+02 3.392777561709204974e+02
2.031341000502735881e+02 3.383246400167503225e+02
2.028422619707405374e+02 3.373690932121792230e+02
2.025586377112352068e+02 3.364110759141182143e+02
2.022828857764700388e+02 3.354507644614788546e+02
2.020148904267298349e+02 3.344882602121080026e+02
2.017546243314949379e+02 3.335236366954904952e+02
2.015021137872088559e+02 3.325569524591975323e+02
2.012577859486451928e+02 3.315881678940709207e+02
2.010211303481673326e+02 3.306174821466538560e+02
2.007921278401221059e+02 3.296449626026195006e+02
2.005707612367282593e+02 3.286706752980819033e+02
2.003574524801790346e+02 3.276945915946406558e+02
2.001519207648413214e+02 3.267168420677812719e+02
1.999539970890256768e+02 3.257375246509937483e+02
1.997636718337221851e+02 3.247567011263410564e+02
1.995813355518692447e+02 3.237743603021220906e+02
1.994068309129610270e+02 3.227905992672177717e+02
1.992399186568823950e+02 3.218055222459831839e+02
1.990805962839640983e+02 3.208191880653572525e+02
1.989293370932914513e+02 3.198315845754048041e+02
1.987858755959925077e+02 3.188428196307550024e+02
1.986500185875418936e+02 3.178529815481771834e+02
1.985217702651775085e+02 3.168621273581338755e+02
1.984017882985084213e+02 3.158702380866365047e+02
1.982894928878895655e+02 3.148774508814959745e+02
1.981848402642134204e+02 3.138838288119252979e+02
1.980880235701233403e+02 3.128894111934538955e+02
1.979994274258364442e+02 3.118942281018751714e+02
1.979185220251293629e+02 3.108983915129301749e+02
1.978453223556831517e+02 3.099019578894161100e+02
1.977803450439097048e+02 3.089049535398435182e+02
1.977233774054105595e+02 3.079074608755405507e+02
1.976741809333065873e+02 3.069095550414896820e+02
1.976328780673385666e+02 3.059112896700115698e+02
1.976000758377584532e+02 3.049127091993729550e+02
1.975751224949585207e+02 3.039139033322641694e+02
1.975580425614865021e+02 3.029149308598382504e+02
1.975493886468613312e+02 3.019158490168021558e+02
1.975489526454002203e+02 3.009167312825872500e+02
1.975564829746103044e+02 2.999176420644567429e+02
1.975721827637583488e+02 2.989186461589093255e+02
1.975965702257043404e+02 2.979198251918130609e+02
1.976290273221200380e+02 2.969212353138277081e+02
1.976695866438118685e+02 2.959229403190965400e+02
1.977189599529265251e+02 2.949250418623376504e+02
1.977766885664237293e+02 2.939275937277791968e+02
1.978426350160835909e+02 2.929306549608129444e+02
1.979171840332893453e+02 2.919343210627376948e+02
1.980005539680670950e+02 2.909386876361330678e+02
1.980922651997302353e+02 2.899437888454256722e+02
1.981923725447460640e+02 2.889496976715713572e+02
1.983017749916579930e+02 2.879565865839194316e+02
1.984196486795080716e+02 2.869644475268565884e+02
1.985460342228347201e+02 2.859733557875952670e+02
1.986815556893371877e+02 2.849834708650853372e+02
1.988260050970068278e+02 2.839948511449704256e+02
1.989791025186761146e+02 2.830075339103973420e+02
1.991411393448049978e+02 2.820216424102870292e+02
1.993125882346988647e+02 2.810373450294752047e+02
1.994928179397831514e+02 2.800546190852122663e+02
1.996818143655014239e+02 2.790735392770758949e+02
1.998803294594482054e+02 2.780943407101472644e+02
2.000875572601577517e+02 2.771169511539122823e+02
2.003033384252393887e+02 2.761414134746229934e+02
2.005280703919207781e+02 2.751678972979431705e+02
2.007616339304276210e+02 2.741964636256607264e+02
2.010035400227421576e+02 2.732270742334250713e+02
2.012538496344829184e+02 2.722598185037900862e+02
2.015131048322743936e+02 2.712949224161101256e+02
2.017805004142416010e+02 2.703322521807209569e+02
2.020559769470690696e+02 2.693718616684509470e+02
2.023401007493141890e+02 2.684139929565073430e+02
2.026323781879121668e+02 2.674585824650484938e+02
2.029325475114544872e+02 2.665056217595251269e+02
2.032408355280908268e+02 2.655552547421116856e+02
2.035574177344277302e+02 2.646076193499472424e+02
2.038817135931762721e+02 2.636625969285781252e+02
2.042136718209639241e+02 2.627202368316200705e+02
2.045539559272193628e+02 2.617808508370963523e+02
2.049018453621303877e+02 2.608442567058597774e+02
2.052572342236594523e+02 2.599104818262420054e+02
2.056204272608452470e+02 2.589797132370853205e+02
2.059914120861293725e+02 2.580520239619380618e+02
2.063697454185575850e+02 2.571273079496505147e+02
2.067553850444929253e+02 2.562056130071666189e+02
2.071489855524033032e+02 2.552872893675853732e+02
2.075498133297235768e+02 2.543720991388281334e+02
2.079578128745575896e+02 2.534600829818087675e+02
2.083732424513176795e+02 2.525514257825575157e+02
2.087961514214612464e+02 2.516462265217871277e+02
2.092261101907451462e+02 2.507443553888120675e+02
2.096630860523690956e+02 2.498458616560355665e+02
2.101075799555588333e+02 2.489510628074715726e+02
2.105591344963735878e+02 2.480598079617677172e+02
2.110176009771656993e+02 2.471720889054347197e+02
2.114830265714079758e+02 2.462879967680364359e+02
2.119558507715729831e+02 2.454078396160261946e+02
2.124354944438804580e+02 2.445313818046450081e+02
2.129219345391963714e+02 2.436586772405772479e+02
2.134153313102750076e+02 2.427898852522050959e+02
2.139158759767601907e+02 2.419251924863209240e+02
2.144231414133902547e+02 2.410644265360533609e+02
2.149371100582656595e+02 2.402076455347314550e+02
2.154579615057527064e+02 2.393550297505683773e+02
2.159858255847034911e+02 2.385067385732810408e+02
2.165203338979339094e+02 2.376626194753493166e+02
2.170614743407349465e+02 2.368227360636252570e+02
2.176093445706395073e+02 2.359872253683531085e+02
2.181642146044163724e+02 2.351563473739284973e+02
2.187256742303935937e+02 2.343299096258368763e+02
2.192937167369553038e+02 2.335079825925556918e+02
2.198683367187343265e+02 2.326906387508040837e+02
2.204498966548586054e+02 2.318782177571202396e+02
2.210381015447603659e+02 2.310705965530280253e+02
2.216328614042529921e+02 2.302677912376881011e+02
2.222341760797648931e+02 2.294698831503933434e+02
2.228420546437739631e+02 2.286769623464117558e+02
2.234568815860809821e+02 2.278894171341594870e+02
2.240782561654739311e+02 2.271070297315511937e+02
2.247061832665452528e+02 2.263298921961144856e+02
2.253406689865535100e+02 2.255580996707044790e+02
2.259817206188374712e+02 2.247917505309074500e+02
2.266295566494421223e+02 2.240311271698974736e+02
2.272840903867436566e+02 2.232762610311334583e+02
2.279452041213069435e+02 2.225271523938930329e+02
2.286129096247826169e+02 2.217839137257569746e+02
2.292872197147140980e+02 2.210466615396317422e+02
2.299681482148479290e+02 2.203155165817300087e+02
2.306557298322185829e+02 2.195906231066707335e+02
2.313501853638349246e+02 2.188723124421085515e+02
2.320512908186194920e+02 2.181604928831889083e+02
2.327590633906557684e+02 2.174553034823810833e+02
2.334735209745378768e+02 2.167568885458424290e+02
2.341946820835522942e+02 2.160653978695747810e+02
2.349225657580062432e+02 2.153809869846558911e+02
2.356571914627242279e+02 2.147038174116287621e+02
2.363985789726547750e+02 2.140340569240805451e+02
2.371467482454459059e+02 2.133718798213837147e+02
2.379017192797594760e+02 2.127174672104989952e+02
2.386635568642447538e+02 2.120710608091894755e+02
2.394322685136372399e+02 2.114328451269322784e+02
2.402078234556912832e+02 2.108029641884401997e+02
2.409902399963853554e+02 2.101816279645847487e+02
2.417795355311415619e+02 2.095690546856207277e+02
2.425757262916767729e+02 2.089654711660179487e+02
2.433788270678116419e+02 2.083711131345935996e+02
2.441888509022457470e+02 2.077862255687513482e+02
2.450058087562100013e+02 2.072110630313926549e+02
2.458297091438174959e+02 2.066458900087995119e+02
2.466605577328539312e+02 2.060909812474876333e+02
2.474984027887031459e+02 2.055466936868731977e+02
2.483432614341506905e+02 2.050133593505132126e+02
2.491950796637270287e+02 2.044912152264213034e+02
2.500538464923050981e+02 2.039805827704678336e+02
2.509195453888082739e+02 2.034817953705928630e+02
2.517921536123322426e+02 2.029951986104471473e+02
2.526716414975408327e+02 2.025211505049438188e+02
2.535579716873907330e+02 2.020600217017251339e+02
2.544510983115121121e+02 2.016121956418752461e+02
2.553510838390483002e+02 2.011783174581122182e+02
2.562578775846926078e+02 2.007588582523284799e+02
2.571712769573925357e+02 2.003539910837892535e+02
2.580911905890294520e+02 1.999641541413985806e+02
2.590175133822025941e+02 1.995897983069447434e+02
2.599502832167630118e+02 1.992318080178685591e+02
2.608893437328848108e+02 1.988906660153028838e+02
2.618343986330230564e+02 1.985665068144388670e+02
2.627852721351685545e+02 1.982598307216112801e+02
2.637419923701468178e+02 1.979719145643526304e+02
2.647041866681889815e+02 1.977028683334336847e+02
2.656715244145516408e+02 1.974529470442026877e+02
2.666438878035191351e+02 1.972233576452633770e+02
2.676209414613480249e+02 1.970146366839213101e+02
2.686022133096424227e+02 1.968267449187377451e+02
2.695875116917541163e+02 1.966612700637654427e+02
2.705763141744272957e+02 1.965182301878639066e+02
2.715681404677475825e+02 1.963979282641521138e+02
2.725626370983803213e+02 1.963021856987126057e+02
2.735591253565157785e+02 1.962300940068495834e+02
2.745571280491816424e+02 1.961834893768377981e+02
2.755559878137656256e+02 1.961620750480066988e+02
2.765550638927739442e+02 1.961666862726030161e+02
2.775536608170377804e+02 1.961979808961638128e+02
2.785510714918992790e+02 1.962558003461053886e+02
2.795464738068278621e+02 1.963415125058757837e+02
2.805391906546435621e+02 1.964541338935090096e+02
2.815282158298642230e+02 1.965955544108125821e+02
