2.264090909090908497e+02 3.650757575757574500e+02
2.255144396742518040e+02 3.646281580727657570e+02
2.246315448013709783e+02 3.641577996603298857e+02
2.237612596465684760e+02 3.636644990869995127e+02
2.229040743103882676e+02 3.631487690923569289e+02
2.220598879206311551e+02 3.626120201581969695e+02
2.212298633735084081e+02 3.620536200300545033e+02
2.204135696938971023e+02 3.614753355898889140e+02
2.196113728401750507e+02 3.608776453831015942e+02
2.188240006463317116e+02 3.602605546017704796e+02
2.180509055602954618e+02 3.596256697400127678e+02
2.172926144102362684e+02 3.589731721205711779e+02
2.165493932398073014e+02 3.583035585493555573e+02
2.158207810788621259e+02 3.576180770545217911e+02
2.151071567009240084e+02 3.569170024901864053e+02
2.144087629120833469e+02 3.562007536193924011e+02
2.137250515698789854e+02 3.554704771991359280e+02
2.130560070792186309e+02 3.547267346279008962e+02
2.124023574588119629e+02 3.539694251789442774e+02
2.117632791360621525e+02 3.531997830679623576e+02
2.111386879731620354e+02 3.524183370137657789e+02
2.105285210151369597e+02 3.516255720880722606e+02
2.099333005299214392e+02 3.508215235692188116e+02
2.093522574516474606e+02 3.500071738852128078e+02
2.087852786094133251e+02 3.491829704056077048e+02
2.082322432943541344e+02 3.483493445081254549e+02
2.076930440722843798e+02 3.475066993686925798e+02
2.071679905059426687e+02 3.466551675135591495e+02
2.066564498535280450e+02 3.457954524846770710e+02
2.061582817694569201e+02 3.449279209995565338e+02
2.056733433642085345e+02 3.440529252577214834e+02
2.052014899323477266e+02 3.431708033466863981e+02
2.047425756140073929e+02 3.422818796714614109e+02
2.042964539933949482e+02 3.413864654016772988e+02
2.038630143170751126e+02 3.404848420836570426e+02
2.034422607753854209e+02 3.395772290233888953e+02
2.030338320535404932e+02 3.386640044070971953e+02
2.026375850514665444e+02 3.377454291860902345e+02
2.022533783212145408e+02 3.368217535255019470e+02
2.018810723558210327e+02 3.358932172645500600e+02
2.015205298412116122e+02 3.349600503693155815e+02
2.011716158742422351e+02 3.340224733764135863e+02
2.008341981498114421e+02 3.330806978262332336e+02
2.005081471198091663e+02 3.321349266846983141e+02
2.001933361264952964e+02 3.311853547527417732e+02
1.998896415127338457e+02 3.302321690628955935e+02
1.995969427113389258e+02 3.292755492625810803e+02
1.993151223156285710e+02 3.283156679838406262e+02
1.990440661331224703e+02 3.273526911993877775e+02
1.987836632241705672e+02 3.263867785649656525e+02
1.985338059271550151e+02 3.254180837481013100e+02
1.982943898717717275e+02 3.244467547434233552e+02
1.980653491503868224e+02 3.234729261038671666e+02
1.978467310631946248e+02 3.224967049415039924e+02
1.976382788922689429e+02 3.215182636240303395e+02
1.974399008692254540e+02 3.205377309654820124e+02
1.972515084760318871e+02 3.195552314580923507e+02
1.970730164115117304e+02 3.185708855166518561e+02
1.969043425531588696e+02 3.175848097117124098e+02
1.967454079149717074e+02 3.165971169920691182e+02
1.965961366019439822e+02 3.156079168969598072e+02
1.964564557617799778e+02 3.146173157584190108e+02
1.963265089900738758e+02 3.136253900536165133e+02
1.962061808673545897e+02 3.126322525261487044e+02
1.960952561582675742e+02 3.116380219520308401e+02
1.959936733969130103e+02 3.106427940504916023e+02
1.959013739143911437e+02 3.096466622040783250e+02
1.958183017816549238e+02 3.086497176126453041e+02
1.957444037520965026e+02 3.076520494402535633e+02
1.956800397828676523e+02 3.066537206257755770e+02
1.956248097761620670e+02 3.056548463661065966e+02
1.955786215114763991e+02 3.046555140770262256e+02
1.955414317624831995e+02 3.036558064375573736e+02
1.955131997151022745e+02 3.026558047336908430e+02
1.954940193753654114e+02 3.016555870720735015e+02
1.954841141932545838e+02 3.006552350802299429e+02
1.954830690187687310e+02 2.996548360769282908e+02
1.954908520538776315e+02 2.986544671661329744e+02
1.955074336457561515e+02 2.976542045841143818e+02
1.955328921379541214e+02 2.966541269925490951e+02
1.955675638203811104e+02 2.956543268284143551e+02
1.956109675449769156e+02 2.946548692717416316e+02
1.956630816766700036e+02 2.936558282948093961e+02
1.957238864670426040e+02 2.926572774377470978e+02
1.957936588693386000e+02 2.916593119653012991e+02
1.958724107417412768e+02 2.906620159819390210e+02
1.959598144231817685e+02 2.896654421781792621e+02
1.960558571967824832e+02 2.886696634531441532e+02
1.961605490197032395e+02 2.876747549540514228e+02
1.962744869574287918e+02 2.866808629815012637e+02
1.963970446336527118e+02 2.856879990194527750e+02
1.965282155743638839e+02 2.846962364626649560e+02
1.966679947394323449e+02 2.837056488976075457e+02
1.968168983886524472e+02 2.827163911943960102e+02
1.969745701472597545e+02 2.817284947996595292e+02
1.971408519539268127e+02 2.807420117627803506e+02
1.973157439946095906e+02 2.797570174093343667e+02
1.974996982226664102e+02 2.787736742530335050e+02
1.976925274268521093e+02 2.777920344503275487e+02
1.978939827827203715e+02 2.768121294185135071e+02
1.981040688410609221e+02 2.758340371023723492e+02
1.983232418277151510e+02 2.748579398092825841e+02
1.985513418997689996e+02 2.738838916059307849e+02
1.987881000129952156e+02 2.729119124795595894e+02
1.990335241542953497e+02 2.719420837689274890e+02
1.992881339187233323e+02 2.709746250521402544e+02
1.995516739584507491e+02 2.700095625848851455e+02
1.998239158513395637e+02 2.690469194106765372e+02
2.001048700016226576e+02 2.680867809229917498e+02
2.003951704658652204e+02 2.671294262815341085e+02
2.006943593705874491e+02 2.661748143080819773e+02
2.010023015838779372e+02 2.652229903031240497e+02
2.013190087970482693e+02 2.642740442428065535e+02
2.016452740802061783e+02 2.633283418441852177e+02
2.019803428421192564e+02 2.623857253131801599e+02
2.023242154448367103e+02 2.614462844642088157e+02
2.026770248097240312e+02 2.605101608360991463e+02
2.030391124925218094e+02 2.595775874584085159e+02
2.034097562148298550e+02 2.586483833344162235e+02
2.037888582534034470e+02 2.577225967367249382e+02
2.041766882932328713e+02 2.568004307233583177e+02
2.045731656423391200e+02 2.558819508017263900e+02
2.049777979264806902e+02 2.549670352188273625e+02
2.053904925213130923e+02 2.540557259897469748e+02
2.058117329845649977e+02 2.531483345429757321e+02
2.062409980680349122e+02 2.522447137300135864e+02
2.066780387927997538e+02 2.513448279757662931e+02
2.071228515284359446e+02 2.504487561540809395e+02
2.075758903479071193e+02 2.495568153943724496e+02
2.080364317940650380e+02 2.486687272279574472e+02
2.085043936567533649e+02 2.477845257135583097e+02
2.089800212726308644e+02 2.469044224800300924e+02
2.094632593329291979e+02 2.460284761130280060e+02
2.099536638319141844e+02 2.451565225891065154e+02
2.104511588716331687e+02 2.442885931612937043e+02
2.109562303694497132e+02 2.434250501744804183e+02
2.114683305930729773e+02 2.425656587132751554e+02
2.119872868764940961e+02 2.417103897560559460e+02
2.125131773788278622e+02 2.408593650489315223e+02
2.130462696393865656e+02 2.400128336362978700e+02
2.135859981759640505e+02 2.391705193410210484e+02
2.141322982776757158e+02 2.383324510684666677e+02
2.146854808746291781e+02 2.374989085725143525e+02
2.152453356896975549e+02 2.366698342818713741e+02
2.158115615919579682e+02 2.358450985494264955e+02
2.163841000733663122e+02 2.350247303864196340e+02
2.169634650342927955e+02 2.342091688396297968e+02
2.175490274127707835e+02 2.333980475263676908e+02
2.181407207030161430e+02 2.325913872381380827e+02
2.187386723498669028e+02 2.317893534208888866e+02
2.193430230929079130e+02 2.309921312093032384e+02
2.199533368069020582e+02 2.301994659220134452e+02
2.205695654008954989e+02 2.294113889738219711e+02
2.211919924877846029e+02 2.286281973796991736e+02
2.218204318728274700e+02 2.278498233064895828e+02
2.224546357513413000e+02 2.270761393753955133e+02
2.230945615900454015e+02 2.263071796737485784e+02
2.237406009650036367e+02 2.255433486455049490e+02
2.243923363151520789e+02 2.247843737400486077e+02
2.250496599369268438e+02 2.240302335679349710e+02
2.257125466309237822e+02 2.232809765769797252e+02
2.263814059439269215e+02 2.225370465154944952e+02
2.270557318021639048e+02 2.217980699419625523e+02
2.277354907570114335e+02 2.210640878480148501e+02
2.284206849808610968e+02 2.203351751561551453e+02
2.291116516892492143e+02 2.196117323195633730e+02
2.298079448014836430e+02 2.188934164793393791e+02
2.305095355950765565e+02 2.181802739737237573e+02
2.312163964305610193e+02 2.174723526797238549e+02
2.319288980682663635e+02 2.167701089294865255e+02
2.326466120079083453e+02 2.160731952874574233e+02
2.333695065931955526e+02 2.153816571796235166e+02
2.340975584892624681e+02 2.146955492374908090e+02
2.348309984598691926e+02 2.140152033062074679e+02
2.355696578080419386e+02 2.133405293619823908e+02
2.363133976320622196e+02 2.126714611310538317e+02
2.370621985132800660e+02 2.120080612726751781e+02
2.378160756300566447e+02 2.113504336875478486e+02
2.385752695254309117e+02 2.106989515386354128e+02
2.393394588769473046e+02 2.100533384206390508e+02
2.401086277278610055e+02 2.094136664614345875e+02
2.408827608852660944e+02 2.087800104624618882e+02
2.416618694950845452e+02 2.081524800793310135e+02
2.424461678185566598e+02 2.075314483521427178e+02
2.432353766584973869e+02 2.069166711695594643e+02
2.440294835770945383e+02 2.063082349140468352e+02
2.448284767059973035e+02 2.057062292411165743e+02
2.456323447009242784e+02 2.051107472176859972e+02
2.464411594185813783e+02 2.045220001883707823e+02
2.472549646629167341e+02 2.039401718499047433e+02
2.480736008864712403e+02 2.033651625814958948e+02
2.488970583015395732e+02 2.027970801404149199e+02
2.497253273435759411e+02 2.022360364480827002e+02
2.505583985972343726e+02 2.016821477647408756e+02
2.513962627158136343e+02 2.011355348711932436e+02
2.522389291109599867e+02 2.005963529051950900e+02
2.530864977184145346e+02 2.000649106135637396e+02
2.539388180958451926e+02 1.995411251729568107e+02
2.547958802008271562e+02 1.990251366609140575e+02
2.556576735356985353e+02 1.985170906442365890e+02
2.565241870145566168e+02 1.980171384026689907e+02
2.573954088183588169e+02 1.975254371601511423e+02
2.582713262370995153e+02 1.970421503235578484e+02
2.591519254979627362e+02 1.965674477287805360e+02
2.600371915782725978e+02 1.961015058939279925e+02
2.609271080019863689e+02 1.956445082793353265e+02
2.618216566183926943e+02 1.951966455539693754e+02
2.627208173615949818e+02 1.947581158677007522e+02
2.636245679892774092e+02 1.943291251287809871e+02
2.645328837991655746e+02 1.939098872857099138e+02
2.654457373215144571e+02 1.935006246125071243e+02
2.663630979858739352e+02 1.931015679962067395e+02
2.672849317603113946e+02 1.927129572251748471e+02
2.682112007611998479e+02 1.923350412766025954e+02
2.691418628316264403e+02 1.919680786012543763e+02
2.700768710864271043e+02 1.916123374032430036e+02
2.710161734218287961e+02 1.912680959122641298e+02
2.719597119876715965e+02 1.909356426453475706e+02
2.729074226202005207e+02 1.906152766547711792e+02
2.738592342334706586e+02 1.903073077583307793e+02
2.748150681674937914e+02 1.900120567476700728e+02
2.757748573904654563e+02 1.897299250390870782e+02
2.767385885561491818e+02 1.894615701484554791e+02
2.777060542926028006e+02 1.892070167859261005e+02
2.786771363604488556e+02 1.889666338767521268e+02
2.796517047713740567e+02 1.887408018843661068e+02
2.806296168335719585e+02 1.885299127486343025e+02
2.816108074910431469e+02 1.883348463535332655e+02
2.825950535149472671e+02 1.881558450170975618e+02
2.835821159559890816e+02 1.879931003320266427e+02
2.845717874517576433e+02 1.878470507122795254e+02
2.855639225857768793e+02 1.877188043783514786e+02
2.865582148604268582e+02 1.876085431509098100e+02
2.875543514656025650e+02 1.875164296226714669e+02
2.885520713861464515e+02 1.874434386375353654e+02
2.895510446340642829e+02 1.873903120942765668e+02
2.905508690986844726e+02 1.873568619141842362e+02
2.915511743838682150e+02 1.873444259932737737e+02
2.925515162429309157e+02 1.873532913063232286e+02
2.935514416544277196e+02 1.873835043964785427e+02
2.945503928027779921e+02 1.874369660041593306e+02
2.955478996584856759e+02 1.875127109199566462e+02
2.965432790598525798e+02 1.876125712961335239e+02
2.975359928813541046e+02 1.877361435087821917e+02
2.985252881037318389e+02 1.878845992068316946e+02
2.995105137694856126e+02 1.880580230163702140e+02
3.004908574954426399e+02 1.882571798574677473e+02
3.014655834694014516e+02 1.884822345922879663e+02
3.024337784319729394e+02 1.887338882671166971e+02
3.033947065741980396e+02 1.890120121613182107e+02
3.043472724298839580e+02 1.893175360928190685e+02
3.052908724440215451e+02 1.896497280944371937e+02
3.062241229037546191e+02 1.900099631607677395e+02
3.071467027776610053e+02 1.903967149570838160e+02
3.080568801955757294e+02 1.908118137578114784e+02
3.089547279974595426e+02 1.912529408463121285e+02
3.098389268495859596e+02 1.917208335413199052e+02
3.107094926990451427e+02 1.922136216099465571e+02
3.115655207632873385e+02 1.927312610579054706e+02
3.124068882315874589e+02 1.932723992517846909e+02
3.132330561999231122e+02 1.938364788991701460e+02
3.140438492912984429e+02 1.944224402777975627e+02
3.148389568168630035e+02 1.950295222695951054e+02
3.156183110185286864e+02 1.956566985474183298e+02
3.163816109193726902e+02 1.963033229907663610e+02
3.171291216170681651e+02 1.969681377856902884e+02
3.178602683797212762e+02 1.976509119816509781e+02
3.185758960431500100e+02 1.983499388697654524e+02
3.192749156917938649e+02 1.990655753395763270e+02
3.199584590801774198e+02 1.997960070527808796e+02
3.206261434162628348e+02 2.005409649524566476e+02
3.212779908911532516e+02 2.012998206055506785e+02
3.219146845960435144e+02 2.020714364990942329e+02
3.225357507059047748e+02 2.028556873376972760e+02
3.231416348930876552e+02 2.036517254492153199e+02
3.237328218134350664e+02 2.044587401120193988e+02
3.243091556670594855e+02 2.052764307758731093e+02
3.248706892067966123e+02 2.061043555170896582e+02
3.254180815810008767e+02 2.069416961542764852e+02
3.259515165705758477e+02 2.077879993073369178e+02
3.264709082280597272e+02 2.086429951920861470e+02
3.269764148445843261e+02 2.095062729246020012e+02
3.274685787863937207e+02 2.103772251943302365e+02
3.279475932795437529e+02 2.112554787636782692e+02
3.284136516440681248e+02 2.121406777304618174e+02
3.288669452929079284e+02 2.130324835015381097e+02
3.293072888020535061e+02 2.139307547913913652e+02
3.297352886581067537e+02 2.148349710609347198e+02
3.301511313047627141e+02 2.157448416842844949e+02
3.305550004912701070e+02 2.166600898166031754e+02
3.309470769329320774e+02 2.175804517460136651e+02
3.313275380225061895e+02 2.185056762611875740e+02
3.316965575876620846e+02 2.194355240365978545e+02
3.320543056899664975e+02 2.203697670369601553e+02
3.324009484611765401e+02 2.213081879419819984e+02
3.327366479729320190e+02 2.222505795921917979e+02
3.330615621362375691e+02 2.231967444563223921e+02
3.333758446274146650e+02 2.241464941204727381e+02
3.336796448374827264e+02 2.250996487990587411e+02
3.339731078421884263e+02 2.260560368673915548e+02
3.342563743901539510e+02 2.270154944155737553e+02
3.345295809068448420e+02 2.279778648232896217e+02
3.347928595122761521e+02 2.289429983549709391e+02
3.350463380505773898e+02 2.299107517747472400e+02
3.352901401297229427e+02 2.308809879805340870e+02
3.355243851699052584e+02 2.318535756565732413e+02
3.357491884591891562e+02 2.328283889437099390e+02
3.359646612152258172e+02 2.338053071266770928e+02
3.361709106519410284e+02 2.347842143376475406e+02
3.363680400502310590e+02 2.357649992753157164e+02
3.365561488318065244e+02 2.367475549387755507e+02
3.367353326354293586e+02 2.377317783754726008e+02
3.369055179002609748e+02 2.387175982009896131e+02
3.370668190929152956e+02 2.397049099117538162e+02
3.372194456555079114e+02 2.406935988497261860e+02
3.373634793048148595e+02 2.416835756000499202e+02
3.374989983396241087e+02 2.426747537432698891e+02
3.376260777211054460e+02 2.436670496710684688e+02
3.377447891523545422e+02 2.446603824117304669e+02
3.378550613477967204e+02 2.456546883350664245e+02
3.379568363224997256e+02 2.466498994131088125e+02
3.380504278609948869e+02 2.476459123216747287e+02
3.381358956389586865e+02 2.486426547946845460e+02
3.382132964284765535e+02 2.496400564629313976e+02
3.382826841697985856e+02 2.506380487254564002e+02
3.383438233724752422e+02 2.516365808882175372e+02
3.383968640361272833e+02 2.526355750387276657e+02
3.384420269452658090e+02 2.536349554686154590e+02
3.384793555060500125e+02 2.546346592551839478e+02
3.385088906051204276e+02 2.556346246871675305e+02
3.385303699600186746e+02 2.566347962954229729e+02
3.385439102186856530e+02 2.576351059453480730e+02
3.385497558790447101e+02 2.586354893360413030e+02
3.385479383799098514e+02 2.596358884513007297e+02
3.385384869121376710e+02 2.606362460364744607e+02
3.385208876093046229e+02 2.616364935066836779e+02
3.384956834137340707e+02 2.626365767880216708e+02
3.384629111992482535e+02 2.636364404125643546e+02
3.384225916565622470e+02 2.646360291775649785e+02
3.383743657791623605e+02 2.656352683609268865e+02
3.383184121355587877e+02 2.666341035191196056e+02
3.382549531220016092e+02 2.676324893077156162e+02
3.381840015904736561e+02 2.686303714339401836e+02
3.381052549148683966e+02 2.696276695863417103e+02
3.380187292946851585e+02 2.706243220220929402e+02
3.379247308905897285e+02 2.716202966682089368e+02
3.378232653139627928e+02 2.726155391086006716e+02
3.377140040692714820e+02 2.736099568072711463e+02
3.375969699570724174e+02 2.746034886935887585e+02
3.374724678227037771e+02 2.755961116459427558e+02
3.373404965878447115e+02 2.765877701684934209e+02
3.372006342640933099e+02 2.775783472821273676e+02
3.370530495698038749e+02 2.785678020966527129e+02
3.368979759051402425e+02 2.795561103413225510e+02
3.367354060251138890e+02 2.805432145359836227e+02
3.365647702298335275e+02 2.815289568051767333e+02
3.363864954311659972e+02 2.825133446673345929e+02
3.362006870726767147e+02 2.834963382307624897e+02
3.360072826341053656e+02 2.844778671615924850e+02
3.358056718613244129e+02 2.854577431829305283e+02
3.355964781931661491e+02 2.864360267189843512e+02
3.353796848484363977e+02 2.874126546391495367e+02
3.351550249927278173e+02 2.883875043678892780e+02
3.349222666558875972e+02 2.893604513928294182e+02
3.346818447113340085e+02 2.903315319444557758e+02
3.344337377084959826e+02 2.913006785507723180e+02
3.341774537253875792e+02 2.922676957861644951e+02
3.339131845855034726e+02 2.932325598884556257e+02
3.336411537408652066e+02 2.941952639788032684e+02
3.333613357174009479e+02 2.951557354220773277e+02
3.330730035374376143e+02 2.961136854241853484e+02
3.327767970355200760e+02 2.970692279044470183e+02
3.324727161578277332e+02 2.980222939860205429e+02
3.321605373661845988e+02 2.989727400636941184e+02
3.318398833561168999e+02 2.999203596203954589e+02
3.315112616117829702e+02 3.008652440584588703e+02
3.311746415481854910e+02 3.018073096956049426e+02
3.308295813565603112e+02 3.027463179157286959e+02
3.304761267766503465e+02 3.036821971149228716e+02
3.301145747565623196e+02 3.046149770683389306e+02
3.297448931335352995e+02 3.055445668588600370e+02
3.293664383931144926e+02 3.064706201320524883e+02
3.289796517990119469e+02 3.073932222348410050e+02
3.285846341896692024e+02 3.083123300173472785e+02
3.281813117176651531e+02 3.092278262783469245e+02
3.277689874638873562e+02 3.101393034515566569e+02
3.273483318601505516e+02 3.110469631449133772e+02
3.269193131585624883e+02 3.119507003171925703e+02
3.264817107661639852e+02 3.128503146908012127e+02
3.260351243962226704e+02 3.137455022000586951e+02
3.255800800152750298e+02 3.146364179037099120e+02
3.251165482785702352e+02 3.155229483308670524e+02
3.246441943882628038e+02 3.164048117796563133e+02
3.241628567705098476e+02 3.172818024046794108e+02
3.236729477462735645e+02 3.181540319286760337e+02
3.231744449117088607e+02 3.190213800165263365e+02
3.226669864763682085e+02 3.198835209280657068e+02
3.221507132792030461e+02 3.207404104750414717e+02
3.216260666508090935e+02 3.215921976187259475e+02
3.210931371375145886e+02 3.224388290829847392e+02
3.205516041556206801e+02 3.232799850980912311e+02
3.200017103590423631e+02 3.241156972032106296e+02
3.194438215707410222e+02 3.249460923800127148e+02
3.188780244461918301e+02 3.257711214505928865e+02
3.183040018712739538e+02 3.265904503530278475e+02
3.177220185797103795e+02 3.274041417913697387e+02
3.171324011349412331e+02 3.282123174221690647e+02
3.165352316372413384e+02 3.290149308032350746e+02
3.159302300969864064e+02 3.298116586169352331e+02
3.153176127315210806e+02 3.306025434711336288e+02
3.146977022585741679e+02 3.313877237184571527e+02
3.140705758187311289e+02 3.321671542917041506e+02
3.134360251403443840e+02 3.329405544288774763e+02
3.127941464647162206e+02 3.337078819121614970e+02
3.121452947138599257e+02 3.344693205553136863e+02
3.114895418818093731e+02 3.352248253185593398e+02
3.108267879013192214e+02 3.359741982152031596e+02
3.101569346245660199e+02 3.367172308289455032e+02
3.094804068830903816e+02 3.374541895016854482e+02
3.087972715188699340e+02 3.381850278859695891e+02
3.081075756545394597e+02 3.389096812219527237e+02
3.074109480266777155e+02 3.396276732988816889e+02
3.067079233944847942e+02 3.403394000981387535e+02
3.059985635953498786e+02 3.410448126318720483e+02
3.052829293315390942e+02 3.417438609813625590e+02
3.045608186781994391e+02 3.424362186418736655e+02
3.038323927630867161e+02 3.431219269775615430e+02
3.030978841192460322e+02 3.438011141375764055e+02
3.023573488088463819e+02 3.444737258769920345e+02
3.016108418651554643e+02 3.451397065968537277e+02
3.008580436452024287e+02 3.457985676915425302e+02
3.000993845536729623e+02 3.464506686863198865e+02
2.993349285033875162e+02 3.470959632508091772e+02
2.985647264451816909e+02 3.477343896977708368e+02
2.977888088485117919e+02 3.483658602020145167e+02
2.970069277616823911e+02 3.489899313666461467e+02
2.962194634443767995e+02 3.496069396430399934e+02
2.954264633629284731e+02 3.502168157597045024e+02
2.946279742746626198e+02 3.508194882406227180e+02
2.938240422727213286e+02 3.514148833001205503e+02
2.930145032572059449e+02 3.520026329093694812e+02
2.921995469577589688e+02 3.525828453697620830e+02
2.913792967818542934e+02 3.531555475197384339e+02
2.905537965161209968e+02 3.537206555157804360e+02
2.897230895656508096e+02 3.542780826424506699e+02
2.888872190193609981e+02 3.548277391887165209e+02
2.880460622840390101e+02 3.553692723759684213e+02
2.871997776818399188e+02 3.559027540293043899e+02
2.863484711471321589e+02 3.564281826047297272e+02
2.854921851196992861e+02 3.569454555041157846e+02
2.846309621298686352e+02 3.574544664792831554e+02
2.837648448950437796e+02 3.579551054863754871e+02
2.828938764230093170e+02 3.584472585360703079e+02
2.820180409132277077e+02 3.589306989302166357e+02
2.811373540207658266e+02 3.594052427397926408e+02
2.802519604904823041e+02 3.598709432570946660e+02
2.793619055371472655e+02 3.603276697495383587e+02
2.784672353003369949e+02 3.607752867653853741e+02
2.775679969986696847e+02 3.612136539623121507e+02
2.766642390950748904e+02 3.616426259325501178e+02
2.757560114738871562e+02 3.620620520248904199e+02
2.748433656305950876e+02 3.624717761639128639e+02
2.739263548751208077e+02 3.628716366668754176e+02
2.730050345495476449e+02 3.632614660587903472e+02
2.720794622612531839e+02 3.636410908863060172e+02
2.711496981324457352e+02 3.640103315311297365e+02
2.702158050671365004e+02 3.643690020238394141e+02
2.692778337389174794e+02 3.647168678552242795e+02
2.683358707878561518e+02 3.650537743110762108e+02
2.673899961260962073e+02 3.653795359143259702e+02
2.664402863375394190e+02 3.656939407764317025e+02
2.654868223658817783e+02 3.659967698308648210e+02
2.645296883281450278e+02 3.662877913772126703e+02
2.635689528121462217e+02 3.665666922869623363e+02
2.626047303889748150e+02 3.668332853685240025e+02
2.616371244299841123e+02 3.670873198009819021e+02
2.606662449572481250e+02 3.673285368764788927e+02
2.596922091734364813e+02 3.675566699248565783e+02
2.587151420210581136e+02 3.677714442642560471e+02
2.577351767714731068e+02 3.679725771816521274e+02
2.567524556438300465e+02 3.681597779476596202e+02
2.557671304537977903e+02 3.683327478703300244e+02
2.547793632916138051e+02 3.684911803930442602e+02
2.537893272285652984e+02 3.686347612419979214e+02
2.527971952884373366e+02 3.687630718078804648e+02
2.518031330006487281e+02 3.688754446790896395e+02
2.508074057419516691e+02 3.689719278006928675e+02
2.498102405889176794e+02 3.690521769935971292e+02
2.488118796824115577e+02 3.691158421485675944e+02
2.478125810584091937e+02 3.691625678312416312e+02
2.468126090138076165e+02 3.691915009076479919e+02
2.458122806297327827e+02 3.692024324606019263e+02
2.448119204764679750e+02 3.691952736562588484e+02
2.438118621052046251e+02 3.691696550984877376e+02
2.428124813500535311e+02 3.691247943726758081e+02
2.418141899781676898e+02 3.690601015008969057e+02
2.408173672072093439e+02 3.689757815038685180e+02
2.398224353013970642e+02 3.688714726086131463e+02
2.388299799820523788e+02 3.687457727694101095e+02
2.378404014185676090e+02 3.685991615503209573e+02
2.368541764101199192e+02 3.684314633786866011e+02
2.358720234526660136e+02 3.682413684410893779e+02
2.348944186566104406e+02 3.680291328369539201e+02
2.339218618597841157e+02 3.677948442037113068e+02
2.329552908279680992e+02 3.675369765005261797e+02
2.319951042309650404e+02 3.672562798611732546e+02
2.310419470263391304e+02 3.669525645791921420e+02
2.300968981057254155e+02 3.666244902846391938e+02
2.291602076365391838e+02 3.662732700615500221e+02
2.282329244085327389e+02 3.658979195554678654e+02
2.273157514192255348e+02 3.654985021240738661e+02
