3.552402597402598872e+02 3.429112554112554108e+02
3.545389214557159789e+02 3.436227092378459815e+02
3.538176923750800711e+02 3.443139919034031209e+02
3.530758723700562882e+02 3.449831316550552174e+02
3.523158319566134651e+02 3.456315027370139319e+02
3.515371561600757104e+02 3.462573715103162044e+02
3.507419424156130390e+02 3.468620903702017699e+02
3.499301255316570405e+02 3.474443303165975863e+02
3.491033906578977621e+02 3.480051891259636250e+02
3.482621079117816976e+02 3.485439807241908738e+02
3.474074155980125056e+02 3.490612413226166382e+02
3.465402005548281181e+02 3.495572232810850437e+02
3.456609470464812262e+02 3.500315416032390772e+02
3.447709831823023023e+02 3.504854498931620697e+02
3.438704767474791879e+02 3.509180682378406004e+02
3.429605609331255209e+02 3.513305278849862816e+02
3.420419779597319803e+02 3.517233167197218791e+02
3.411149032867012920e+02 3.520956242708645618e+02
3.401804339942311231e+02 3.524489560489030282e+02
3.392391141092901421e+02 3.527836210087673976e+02
3.382911705565033458e+02 3.530990400495672930e+02
3.373374051007449452e+02 3.533963850073442927e+02
3.363783193835761267e+02 3.536760980787024664e+02
3.354143294382037084e+02 3.539384247494639908e+02
3.344457069767017288e+02 3.541830957804236846e+02
3.334730494919021453e+02 3.544111894202502526e+02
3.324967237985170527e+02 3.546230335597167596e+02
3.315170762805561253e+02 3.548189532298652011e+02
3.305344293667989746e+02 3.549992443349069617e+02
3.295490204843186461e+02 3.551637750917965377e+02
3.285612377556081469e+02 3.553133843709143775e+02
3.275713521331807669e+02 3.554483762305528103e+02
3.265796189366334374e+02 3.555690485248458685e+02
3.255862787155215869e+02 3.556756925470329520e+02
3.245915580859680176e+02 3.557685927452085366e+02
3.235956705383707117e+02 3.558480265029741076e+02
3.225988172142887720e+02 3.559142639779182673e+02
3.216011876512015988e+02 3.559675679913565887e+02
3.206029604943598770e+02 3.560081939632690933e+02
3.196043041753887337e+02 3.560363898868755541e+02
3.186053775576705220e+02 3.560523963377594328e+02
3.176063305488391393e+02 3.560564465129159544e+02
3.166073046809626135e+02 3.560487662955358132e+02
3.156084336591890178e+02 3.560295743417394760e+02
3.146098438797817494e+02 3.559990821858629602e+02
3.136116549185898066e+02 3.559574943612530546e+02
3.126139799910807255e+02 3.559050085338520830e+02
3.116169263851249411e+02 3.558418156461598301e+02
3.106205958677532522e+02 3.557681000694328759e+02
3.096250850671294756e+02 3.556840397622331693e+02
3.086304858309792394e+02 3.555898064336686843e+02
3.076368855627073344e+02 3.554855657098739243e+02
3.066443675364135970e+02 3.553714773024643705e+02
3.056530111919905721e+02 3.552476951778695593e+02
3.046628924114486381e+02 3.551143677265952192e+02
3.036740837775775503e+02 3.549716379316062103e+02
3.026867105936115081e+02 3.548192940544118414e+02
3.017007941486876348e+02 3.546577992455187314e+02
3.007163981958195791e+02 3.544872859823003637e+02
2.997335846637162717e+02 3.543078778579364894e+02
2.987524132350633295e+02 3.541196938232363323e+02
2.977729415224401919e+02 3.539228483408315356e+02
2.967952692447522054e+02 3.537172471056096015e+02
2.958194680801648815e+02 3.535029446536367459e+02
2.948455403561700905e+02 3.532802879954812738e+02
2.938735371567588572e+02 3.530493754739107430e+02
2.929035082208869767e+02 3.528103016227606759e+02
2.919355285176762322e+02 3.525630556379094287e+02
2.909697346855385831e+02 3.523074058035510348e+02
2.900060702292273618e+02 3.520438481296137638e+02
2.890445808307548532e+02 3.517724634148232212e+02
2.880853113626034769e+02 3.514933292399280162e+02
2.871284071952912313e+02 3.512061883485034173e+02
2.861738932109175835e+02 3.509112029535620536e+02
2.852217435599216060e+02 3.506086755998564968e+02
2.842720009216527615e+02 3.502986722034152649e+02
2.833247842460470451e+02 3.499810306362464303e+02
2.823801975239276771e+02 3.496556538979963307e+02
2.814381582120427083e+02 3.493229769052722418e+02
2.804987079748012775e+02 3.489830553376137345e+02
2.795619923623162322e+02 3.486356657522322280e+02
2.786280942002797474e+02 3.482807740647904780e+02
2.776969247235040257e+02 3.479187856500050202e+02
2.767685255552494823e+02 3.475497472136187866e+02
2.758431290164165830e+02 3.471732409607843124e+02
2.749206815165616149e+02 3.467895696545284068e+02
2.740011458713383945e+02 3.463989716106536889e+02
2.730845992798775796e+02 3.460014063735956142e+02
2.721713227024466164e+02 3.455963864969953079e+02
2.712611026739501199e+02 3.451845468735964459e+02
2.703539827311424233e+02 3.447659211252610021e+02
2.694502244493247076e+02 3.443400847242548366e+02
2.685497848520951152e+02 3.439072780873939337e+02
2.676525958999250747e+02 3.434677728812827695e+02
2.667588050235461310e+02 3.430213946643420968e+02
2.658686267708926039e+02 3.425678564061864790e+02
2.649818555352255771e+02 3.421076943840579361e+02
2.640985387682493979e+02 3.416409319846303561e+02
2.632191175600369206e+02 3.411668707847755968e+02
2.623432710077948400e+02 3.406862409407425503e+02
2.614710443735600052e+02 3.401990705743106105e+02
2.606028097974066782e+02 3.397048194248692425e+02
2.597384179983033050e+02 3.392038810869392478e+02
2.588778196108013390e+02 3.386964525480249790e+02
2.580213276523012951e+02 3.381821210857989968e+02
2.571689464587894918e+02 3.376610078640129586e+02
2.563205410704882183e+02 3.371334465754163148e+02
2.554763745200082496e+02 3.365991264107080383e+02
2.546365880702927313e+02 3.360579501669666342e+02
2.538009695137115784e+02 3.355103611613485555e+02
2.529697401468077658e+02 3.349561294191652223e+02
2.521431631839193699e+02 3.343949843133293598e+02
2.513209566244928226e+02 3.338274563104551476e+02
2.505033072114061383e+02 3.332533793154968293e+02
2.496905871991779122e+02 3.326723459811780117e+02
2.488824511758269580e+02 3.320849556135998455e+02
2.480790572946038992e+02 3.314910927583039211e+02
2.472808762987633031e+02 3.308902426596876012e+02
2.464875045157808131e+02 3.302830588971873453e+02
2.456990760966418748e+02 3.296694667769053808e+02
2.449161340165287584e+02 3.290488898758963501e+02
2.441381651515219460e+02 3.284220921544924181e+02
2.433652233061232835e+02 3.277891026051456151e+02
2.425978630916725933e+02 3.271493582420939674e+02
2.418355264404856086e+02 3.265036383927617862e+02
2.410782437220875352e+02 3.258519958545692816e+02
2.403266201279268728e+02 3.251938340195251271e+02
2.395800667800788517e+02 3.245299291116129439e+02
2.388385971772783307e+02 3.238603485603480294e+02
2.381028501602942526e+02 3.231844848698985402e+02
2.373722221951154552e+02 3.225030931219559420e+02
2.366467225183164658e+02 3.218162412695094190e+02
2.359269736873289958e+02 3.211233652580101534e+02
2.352124087969305322e+02 3.204251466387663072e+02
2.345030166872928987e+02 3.197216709658999321e+02
2.337993998870722407e+02 3.190124184899928537e+02
2.331010357316972943e+02 3.182979956502737195e+02
2.324078901978456599e+02 3.175785066996128307e+02
2.317205390809691892e+02 3.168534796456356162e+02
2.310385174086793540e+02 3.161234391133855866e+02
2.303617628775500350e+02 3.153885117587005880e+02
2.296908145380510575e+02 3.146482792242803157e+02
2.290252851064711024e+02 3.139031728071095131e+02
2.283650752909634321e+02 3.131533477136716215e+02
2.277106737263534910e+02 3.123984473572787692e+02
2.270617980683209680e+02 3.116387937085465296e+02
2.264182996947311892e+02 3.108745789445065384e+02
2.257805991289684471e+02 3.101055184715821156e+02
2.251485542068252812e+02 3.093318047868900180e+02
2.245219506475991125e+02 3.085536775562308094e+02
2.239011187493694024e+02 3.077709363186397127e+02
2.232861005446444551e+02 3.069836201397676518e+02
2.226765954037688573e+02 3.061920286173135537e+02
2.220728164356166872e+02 3.053960593105230714e+02
2.214750435222680949e+02 3.045955704234008863e+02
2.208828642219105234e+02 3.037909356817496587e+02
2.202963421564890325e+02 3.029821661313667391e+02
2.197160593069328058e+02 3.021689085537818187e+02
2.191414607249226094e+02 3.013516265810275172e+02
2.185725791898584589e+02 3.005303537938195291e+02
2.180099042390764623e+02 2.997048156808602357e+02
2.174531724476614727e+02 2.988752594968019594e+02
2.169022640178341135e+02 2.980418245116155731e+02
2.163574255545618996e+02 2.972044074621703089e+02
2.158188817116482312e+02 2.963629293495918091e+02
2.152862808257018514e+02 2.955176781518725306e+02
2.147596663720181311e+02 2.946686829495211555e+02
2.142395769673282757e+02 2.938156745638949019e+02
2.137256587482337125e+02 2.929589356073627187e+02
2.132178668053640251e+02 2.920985513853563589e+02
2.127163647457884394e+02 2.912344842965144380e+02
2.122215494679272183e+02 2.903665711250386039e+02
2.117330173104503785e+02 2.894951071845031834e+02
2.112508254676760657e+02 2.886201185823888409e+02
2.107752402489279859e+02 2.877415203561198496e+02
2.103064569083816764e+02 2.868592749918230425e+02
2.098441964999692573e+02 2.859735955367717111e+02
2.093885257080785607e+02 2.850845072768175328e+02
2.089396795258187467e+02 2.841919529962625575e+02
2.084979182075287838e+02 2.832958716641982733e+02
2.080629586421902957e+02 2.823964703384049812e+02
2.076348784210249221e+02 2.814937742609772613e+02
2.072137581589828983e+02 2.805878088326752504e+02
2.068001291079040698e+02 2.796783986477981330e+02
2.063936633987116238e+02 2.787657658710835449e+02
2.059944130621043712e+02 2.778499541874498391e+02
2.056024717076544732e+02 2.769309901987012381e+02
2.052179428649165516e+02 2.760088984255428954e+02
2.048413511413040453e+02 2.750835367558075291e+02
2.044723637910827847e+02 2.741551182896882324e+02
2.041110893361913838e+02 2.732236721377695403e+02
2.037576404706377673e+02 2.722892283074860984e+02
2.034121342181438195e+02 2.713518178154953375e+02
2.030747661908903297e+02 2.704114466106656209e+02
2.027458752054570539e+02 2.694680775547631697e+02
2.024252940837246513e+02 2.685218537203422215e+02
2.021131581832092650e+02 2.675728113483134507e+02
2.018096080115250004e+02 2.666209883857859495e+02
2.015147894131249018e+02 2.656664246587396860e+02
2.012288537607291516e+02 2.647091620578918310e+02
2.009519581511237618e+02 2.637492447387262473e+02
2.006842780736284624e+02 2.627867159358723939e+02
2.004261794243959969e+02 2.618215739046394788e+02
2.001776095915383848e+02 2.608539350767351266e+02
1.999387494779671215e+02 2.598838546738065816e+02
1.997097866706328659e+02 2.589113913943818375e+02
1.994909156484846733e+02 2.579366077170946028e+02
1.992823379898243843e+02 2.569595702259573500e+02
1.990842625777636670e+02 2.559803499590410922e+02
1.988969058022857155e+02 2.549990227819522772e+02
1.987204917571957026e+02 2.540156697875191583e+02
1.985552524299935726e+02 2.530303777231108882e+02
1.984014278824343194e+02 2.520432394470067834e+02
1.982592664192403333e+02 2.510543544152088771e+02
1.981290247421072195e+02 2.500638292000438412e+02
1.980109680857875958e+02 2.490717780418264908e+02
1.979053703326556217e+02 2.480783234347491941e+02
1.978125141017416411e+02 2.470835967480173565e+02
1.977326908077837402e+02 2.460877388830614052e+02
1.976662163904749150e+02 2.450909000290885444e+02
1.976137157965186191e+02 2.440932281872266572e+02
1.975752248852493267e+02 2.430949198507928202e+02
1.975510722887491681e+02 2.420961635623432358e+02
1.975415950901119402e+02 2.410971614365787161e+02
1.975471385636882928e+02 2.400981300447893432e+02
1.975680558373475151e+02 2.390993013299471670e+02
1.976049448413867538e+02 2.381009341357757592e+02
1.976584099343293701e+02 2.371033187716799091e+02
1.977284156326552704e+02 2.361067303302310165e+02
1.978153430301316007e+02 2.351114757133901207e+02
1.979195777047628440e+02 2.341178823320174729e+02
1.980424535660820027e+02 2.331264226335128740e+02
1.981834986112994557e+02 2.321373881408794375e+02
1.983430959317049371e+02 2.311511773704434063e+02
1.985222434507821276e+02 2.301683302513217768e+02
1.987213408348649466e+02 2.291893313972135502e+02
1.989402298476322812e+02 2.282145677006308802e+02
1.991800401977988599e+02 2.272447400515700338e+02
1.994410541144599165e+02 2.262804044528691065e+02
1.997230280441303307e+02 2.253219871029469346e+02
2.000276999807437051e+02 2.243705435372137913e+02
2.003541933775800601e+02 2.234263686403927522e+02
2.007034650559361353e+02 2.224903829358552514e+02
2.010758792266129547e+02 2.215633624572333247e+02
2.014712012638838985e+02 2.206458784741012096e+02
2.018906573569319107e+02 2.197391741512465160e+02
2.023331450237651836e+02 2.188434847600278772e+02
2.028004013958219218e+02 2.179604644860401663e+02
2.032907623346005153e+02 2.170900632172665041e+02
2.038061126252522683e+02 2.162342223445425020e+02
2.043445484045595890e+02 2.153927151571427032e+02
2.049077614834848475e+02 2.145675876470199057e+02
2.054938128347643271e+02 2.137585217746171509e+02
2.061041635495325295e+02 2.129676279852411369e+02
2.067367670000558064e+02 2.121944175948407008e+02
2.073925650701574455e+02 2.114407789718004267e+02
2.080691368563323920e+02 2.107057309034796617e+02
2.087669649535362453e+02 2.099908311264559018e+02
2.094838882402042373e+02 2.092950799278253555e+02
2.102200052148146767e+02 2.086196686127942996e+02
2.109736008448640803e+02 2.079638133773901814e+02
2.117442647599649206e+02 2.073281014990115239e+02
2.125309064236360541e+02 2.067122669609225625e+02
2.133324835158838368e+02 2.061159995138297063e+02
2.141486826969724575e+02 2.055399057111606282e+02
2.149779662299225151e+02 2.049828094479132687e+02
2.158201947220321983e+02 2.044454820784772835e+02
2.166742512833096725e+02 2.039271605296186749e+02
2.175392398633037487e+02 2.034272884519227205e+02
2.184150815810261861e+02 2.029466835523387829e+02
2.193005875353090346e+02 2.024841303694809369e+02
2.201951279646756063e+02 2.020392938900316153e+02
2.210984636591914239e+02 2.016125976530564401e+02
2.220098272561473607e+02 2.012033303664150026e+02
2.229285852769124858e+02 2.008109432445858999e+02
2.238542642498659916e+02 2.004351647145898028e+02
2.247866445235788717e+02 2.000763326217748670e+02
2.257250707210380085e+02 1.997336278396011551e+02
2.266690910490014232e+02 1.994066491076074499e+02
2.276183237649968021e+02 1.990951214720928988e+02
2.285724067954069199e+02 1.987987717691976854e+02
2.295310762485049736e+02 1.985176072932167983e+02
2.304939619810715499e+02 1.982512419635017125e+02
2.314606961537362793e+02 1.979992057501709439e+02
2.324309896972877993e+02 1.977612413564858400e+02
2.334045687602051657e+02 1.975370964163902840e+02
2.343811739065326947e+02 1.973265238437321898e+02
2.353605593371110842e+02 1.971292821166136378e+02
2.363424921365201214e+02 1.969451355035629661e+02
2.373267515474600202e+02 1.967738542377651925e+02
2.383131282737551544e+02 1.966152146451285887e+02
2.393014238127054796e+02 1.964689992315148004e+02
2.402914498171214177e+02 1.963349967340202795e+02
2.412830274870542269e+02 1.962130021407749041e+02
2.422759869909669419e+02 1.961028166833214925e+02
2.432701669158725224e+02 1.960042478052606612e+02
2.442654137457918182e+02 1.959171091104883260e+02
2.452615813677463166e+02 1.958412202940208715e+02
2.462585306043961282e+02 1.957764070580961970e+02
2.472561287723557371e+02 1.957225010159515364e+02
2.482542492651655266e+02 1.956793395854203368e+02
2.492527711598632436e+02 1.956467658742493256e+02
2.502515788460799229e+02 1.956246285588196088e+02
2.512505616765809009e+02 1.956127817577564088e+02
2.522496136381786584e+02 1.956110849017338751e+02
2.532486330419582714e+02 1.956194026006169508e+02
2.542475222317800672e+02 1.956376045089379261e+02
2.552461873100503453e+02 1.956655651905730906e+02
2.562445243448134988e+02 1.957034768660983559e+02
2.572424508159704715e+02 1.957509575297141282e+02
2.582398832379950591e+02 1.958078643019493654e+02
2.592367399429644479e+02 1.958740895124084318e+02
2.602329418905932243e+02 1.959495297729965557e+02
2.612284124757183008e+02 1.960340858481643806e+02
2.622230755133383582e+02 1.961276810725949531e+02
2.632168126954842364e+02 1.962306419824967065e+02
2.642095910428726029e+02 1.963424570020686133e+02
2.652013416918221083e+02 1.964630419400184849e+02
2.661919974091890708e+02 1.965923161794832481e+02
2.671814924566515401e+02 1.967302025643680849e+02
2.681697182842781899e+02 1.968769152378849299e+02
2.691566105830938795e+02 1.970323386751899477e+02
2.701421404743551875e+02 1.971961726838082711e+02
2.711262467115066102e+02 1.973683527037764804e+02
2.721088689629607984e+02 1.975488171360831871e+02
2.730898640203091077e+02 1.977379302354930530e+02
2.740692148630529914e+02 1.979353745124964803e+02
2.750468917067327652e+02 1.981409441756679541e+02
2.760228366616593121e+02 1.983545884529862633e+02
2.769969452391292180e+02 1.985764613962568319e+02
2.779691015422504279e+02 1.988067347496233310e+02
2.789393402209699957e+02 1.990449533361151850e+02
2.799076044882825727e+02 1.992910759623181889e+02
2.808738025367601949e+02 1.995451950312180429e+02
2.818377647286186516e+02 1.998076661852791460e+02
2.827995673564993240e+02 2.000779382899289942e+02
2.837591535957598694e+02 2.003559785979457217e+02
2.847164092530771313e+02 2.006419449183376571e+02
2.856711748940430766e+02 2.009361155427761787e+02
2.866235363664141005e+02 2.012379744752191755e+02
2.875734358205627359e+02 2.015474963775536139e+02
2.885206940585546249e+02 2.018650130997951919e+02
2.894652413960349122e+02 2.021905019968138220e+02
2.904071334739006716e+02 2.025235942575586989e+02
2.913463105491928786e+02 2.028642709873699346e+02
2.922824792740322550e+02 2.032131307322565021e+02
2.932157526320442003e+02 2.035696588574804480e+02
2.941461097503516839e+02 2.039337293541925078e+02
2.950734037406801917e+02 2.043055367184668398e+02
2.959974255666591034e+02 2.046854011565421843e+02
2.969183222166759037e+02 2.050727771098597145e+02
2.978360287016890311e+02 2.054676547429804145e+02
2.987502126696867322e+02 2.058706217151191709e+02
2.996609819277112479e+02 2.062812437802272143e+02
3.005683402299558793e+02 2.066993493779244204e+02
3.014720921695625293e+02 2.071251978853840114e+02
3.023720373170536959e+02 2.075590311059548867e+02
3.032683403668784194e+02 2.080003372817739944e+02
3.041609291081827564e+02 2.084491128078689428e+02
3.050493420150824022e+02 2.089060995881642384e+02
3.059338488705186592e+02 2.093705968985878201e+02
3.068143952774425998e+02 2.098425606044183382e+02
3.076906464297046568e+02 2.103224543189607800e+02
3.085625795991483642e+02 2.108101461434020791e+02
3.094302937569142387e+02 2.113053049231386638e+02
3.102935902884104848e+02 2.118081299261741037e+02
3.111521334319219250e+02 2.123190270098808128e+02
3.120061859144173013e+02 2.128373931924481326e+02
3.128556626390456472e+02 2.133632283030990493e+02
3.136999923975046727e+02 2.138972890806503813e+02
3.145395125982473132e+02 2.144388744417196904e+02
3.153741675668703124e+02 2.149879299468466343e+02
3.162035152542724745e+02 2.155449718113163726e+02
3.170275902984596428e+02 2.161097811386644594e+02
3.178464967731450201e+02 2.166820583526887845e+02
3.186599348179702815e+02 2.172620854926840366e+02
3.194676091731905672e+02 2.178501096805492807e+02
3.202697978434744073e+02 2.184455935863120146e+02
3.210663573834063982e+02 2.190485908416448240e+02
3.218566333039264009e+02 2.196597995097303055e+02
3.226410932272424930e+02 2.202784510057759633e+02
3.234196472129860354e+02 2.209045217175518019e+02
3.241917188134702883e+02 2.215385706321782209e+02
3.249576802094445043e+02 2.221799839261767886e+02
3.257176396480673475e+02 2.228284985239174034e+02
3.264712108196018221e+02 2.234844278849554087e+02
3.272184324740006787e+02 2.241475788340197255e+02
3.279595911118952358e+02 2.248174988193813988e+02
3.286944679088956605e+02 2.254943069905064874e+02
3.294227709146158531e+02 2.261781826823957147e+02
3.301449616090782797e+02 2.268685082960995203e+02
3.308609857142205328e+02 2.275652314440594921e+02
3.315702250657982404e+02 2.282688598053114504e+02
3.322733120780046647e+02 2.289786329295015150e+02
3.329702363235384155e+02 2.296944606296829647e+02
3.336604115015146022e+02 2.304167986388592055e+02
3.343442833400342238e+02 2.311451043994674990e+02
3.350219608099317838e+02 2.318791785888874415e+02
3.356930135022992658e+02 2.326193153522473267e+02
3.363575761714441796e+02 2.333652828205254934e+02
3.370159168511507914e+02 2.341167471359008516e+02
3.376677619025479089e+02 2.348738550636475679e+02
3.383129325727305741e+02 2.356366572041471841e+02
3.389518555790009486e+02 2.364046990167902607e+02
3.395844171473196980e+02 2.371779910395013928e+02
3.402101182418751364e+02 2.379568440365676452e+02
3.408295460461566790e+02 2.387406935928568430e+02
3.414426919337474260e+02 2.395294689218989106e+02
3.420489062048203550e+02 2.403235843101871865e+02
3.426487592379357920e+02 2.411225134020221788e+02
3.432423018666781900e+02 2.419261428843635144e+02
3.438290615158028345e+02 2.427347392987490764e+02
3.444092531138326194e+02 2.435480595555200125e+02
3.449831019082330954e+02 2.443658675519009762e+02
3.455503269103565458e+02 2.451882853184197302e+02
3.461107585531839277e+02 2.460153461949193172e+02
3.466648095303013406e+02 2.468466941545824227e+02
3.472124092727306675e+02 2.476823076701406592e+02
3.477529660609479834e+02 2.485224941884707732e+02
3.482870973700008790e+02 2.493667783184442897e+02
3.488147859748640371e+02 2.502151054270966313e+02
3.493355130774778559e+02 2.510677242020798872e+02
3.498495806982613203e+02 2.519243729440509014e+02
3.503571491417061452e+02 2.527848885443698066e+02
3.508579717288232018e+02 2.536493492390628717e+02
3.513518052682304642e+02 2.545178205768638691e+02
3.518390728526615590e+02 2.553899917259826395e+02
3.523197488890668296e+02 2.562658145289385061e+02
3.527932353753774350e+02 2.571455453112961322e+02
3.532599894212543177e+02 2.580288647562875326e+02
3.537200690038215498e+02 2.589156791649112961e+02
3.541732419604697952e+02 2.598060442340353688e+02
3.546192335808412963e+02 2.607000273360405345e+02
3.550584540831353024e+02 2.615973553628443824e+02
3.554908668072200726e+02 2.624979848172844186e+02
3.559160303539551364e+02 2.634020598462782345e+02
3.563340870471775474e+02 2.643094416956789701e+02
3.567452183578638483e+02 2.652199818297079332e+02
3.571493799459359479e+02 2.661336384377573836e+02
3.575460240348975844e+02 2.670505840134649134e+02
3.579355049643966140e+02 2.679705934538370684e+02
3.583178745495137036e+02 2.688935808485152279e+02
3.586930796517990530e+02 2.698195052880961953e+02
3.590605894105660809e+02 2.707485113362423021e+02
3.594207246750313516e+02 2.716803993825824932e+02
3.597735264269743993e+02 2.726150879893867796e+02
3.601189314699911961e+02 2.735525362331813994e+02
3.604565732302278320e+02 2.744928093660801096e+02
3.607864459437080313e+02 2.754358350365104116e+02
3.611087217272094563e+02 2.763814828805087700e+02
3.614233259004341221e+02 2.773297108688245203e+02
3.617301806129134434e+02 2.782804764557781709e+02
3.620287585154036947e+02 2.792338738579557571e+02
3.623193776093094698e+02 2.801897257703631681e+02
3.626020016625664653e+02 2.811479713349565941e+02
3.628765392659115605e+02 2.821085651931815050e+02
3.631428952477957637e+02 2.830714609837954185e+02
3.634006979498649912e+02 2.840366826243989635e+02
3.636499605392629633e+02 2.850041437611596962e+02
3.638907427206473812e+02 2.859737491554278108e+02
3.641229333503070507e+02 2.869454473820197791e+02
3.643464168331148016e+02 2.879191853561645189e+02
3.645610729651003226e+02 2.888949081746184220e+02
3.647667257221246473e+02 2.898725694256046381e+02
3.649630102211090730e+02 2.908521542396612745e+02
3.651500923086290982e+02 2.918335367161861313e+02
3.653278324399725534e+02 2.928166531325908863e+02
3.654960856655179668e+02 2.938014369903021361e+02
3.656547014530945034e+02 2.947878187795034819e+02
3.658035235079719314e+02 2.957757257274113272e+02
3.659423895911184559e+02 2.967650815289869684e+02
3.660711313364835746e+02 2.977558060589373099e+02
3.661895740681961229e+02 2.987478150638099237e+02
3.662975366187160375e+02 2.997410198329482682e+02
3.663948311491440677e+02 3.007353268470334910e+02
3.664812042001698842e+02 3.017306421700044439e+02
3.665565001496099171e+02 3.027268562916154337e+02
3.666205510424088629e+02 3.037238560710250681e+02
3.666731421418305104e+02 3.047215256352301367e+02
3.667140512974444277e+02 3.057197422533277518e+02
3.667430488143675120e+02 3.067183758316664353e+02
3.667598973387901538e+02 3.077172883780299912e+02
3.667642632813434034e+02 3.087163332809293479e+02
3.667559108922828841e+02 3.097153519433311430e+02
3.667346106658349072e+02 3.107141772150292809e+02
3.667000920131131920e+02 3.117126317758419418e+02
3.666520764475735064e+02 3.127105270695934109e+02
3.665902776600019592e+02 3.137076625538243206e+02
3.665144016432000740e+02 3.147038249149575790e+02
3.664241468729954363e+02 3.156987872499104242e+02
3.663192045527544565e+02 3.166923082157341014e+02
3.661992589291071454e+02 3.176841311495546734e+02
3.660635756296510408e+02 3.186739237714920705e+02
3.659120279297620755e+02 3.196614094547068134e+02
3.657444326935875551e+02 3.206462962168996000e+02
3.655604495730440817e+02 3.216282530372674273e+02
3.653597343797712824e+02 3.226069286175406319e+02
3.651412692149158943e+02 3.235817949562415379e+02
3.649051331268947820e+02 3.245525292303714764e+02
3.646511530758987192e+02 3.255187468789969785e+02
3.643789302747678676e+02 3.264799864272813466e+02
3.640871215103603049e+02 3.274354612286067550e+02
3.637763647493059693e+02 3.283849382057939579e+02
3.634463262646863768e+02 3.293278880900538752e+02
3.630954967388154842e+02 3.302633002204581203e+02
3.627245842961474978e+02 3.311909282466209561e+02
3.623331489810696553e+02 3.321100850304699748e+02
3.619199391430899482e+02 3.330196598476503027e+02
3.614858618652547193e+02 3.339194606069182782e+02
3.610296251045721760e+02 3.348082282375606837e+02
3.605515462506781432e+02 3.356854386611676659e+02
3.600513693463812501e+02 3.365502370085300186e+02
3.595284776857963038e+02 3.374014934627364255e+02
3.589835621693976009e+02 3.382388208787770054e+02
3.584154327644193359e+02 3.390605743993308465e+02
3.578254318233822460e+02 3.398667671063179796e+02
3.572121053345304063e+02 3.406553589814158727e+02
3.565772086676554977e+02 3.414266897613317155e+02
3.559192592947810567e+02 3.421784515205592925e+02
