1.950974025974026631e+02 3.122532467532467990e+02
1.948410653089403581e+02 3.112841122772106246e+02
1.946085667087555748e+02 3.103089837319463413e+02
1.943998157981528436e+02 3.093284963885164984e+02
1.942146795663441310e+02 3.083432766019734004e+02
1.940529711158576731e+02 3.073539409461621972e+02
1.939144924969162957e+02 3.063610866890734883e+02
1.937989845129140747e+02 3.053652980233055132e+02
1.937061855769656518e+02 3.043671362979634409e+02
1.936357823587458427e+02 3.033671446973635284e+02
1.935874641130642146e+02 3.023658422838748834e+02
1.935608792851595865e+02 3.013637266752490405e+02
1.935556674301568592e+02 3.003612713784402217e+02
1.935714558909719756e+02 2.993589261892429363e+02
1.936078602426523787e+02 2.983571172188510445e+02
1.936644867810614699e+02 2.973562469980989817e+02
1.937409348495041286e+02 2.963566947637158933e+02
1.938367989949034325e+02 2.953588169014153664e+02
1.939516709489741402e+02 2.943629475215174125e+02
1.940851522470342729e+02 2.933694007014323120e+02
1.942368294859853677e+02 2.923784679869332308e+02
1.944063079900506068e+02 2.913904235939695582e+02
1.945931828069022345e+02 2.904055208079931845e+02
1.947970638395112530e+02 2.894239968611208269e+02
1.950175674593047574e+02 2.884460726033451010e+02
1.952543106497441840e+02 2.874719518424968214e+02
1.955069229953683134e+02 2.865018248202140967e+02
1.957750394667176863e+02 2.855358673891764170e+02
1.960583013538189618e+02 2.845742418660857993e+02
1.963563608152026347e+02 2.836170990992381462e+02
1.966688864883208510e+02 2.826645813199560848e+02
1.969955410284755999e+02 2.817168155925126030e+02
1.973360075356342520e+02 2.807739230809487481e+02
1.976899786888628512e+02 2.798360165029318409e+02
1.980571486524133036e+02 2.789031976133400121e+02
1.984372259149744195e+02 2.779755626258679513e+02
1.988299273750236580e+02 2.770532007253918323e+02
1.992349783007968824e+02 2.761361946359566559e+02
1.996521154840311283e+02 2.752246226594635345e+02
2.000810826402485816e+02 2.743185572728261832e+02
2.005216262702897154e+02 2.734180635030384678e+02
2.009735136653030168e+02 2.725232082670048044e+02
2.014365049262489151e+02 2.716340470988168363e+02
2.019103856369592336e+02 2.707506412394994868e+02
2.023949318224107685e+02 2.698730398904437493e+02
2.028899359646182745e+02 2.690012943116624911e+02
2.033951972389425009e+02 2.681354532077673980e+02
2.039105213422747056e+02 2.672755630195965750e+02
2.044357203172261848e+02 2.664216681976733412e+02
2.049706123735016945e+02 2.655738114584661389e+02
2.055150217074871364e+02 2.647320340244045269e+02
2.060687783209559427e+02 2.638963758485859330e+02
2.066317178396749625e+02 2.630668758250826045e+02
2.072036849060003760e+02 2.622435744976036744e+02
2.077845269720831993e+02 2.614265102026753880e+02
2.083740924224085234e+02 2.606157177911802592e+02
2.089722465114061265e+02 2.598112405693482856e+02
2.095788437103213653e+02 2.590131103201208020e+02
2.101937570940781086e+02 2.582213693688838134e+02
2.108168553162505532e+02 2.574360535572781146e+02
2.114480128065933116e+02 2.566572001214261149e+02
2.120871123141831447e+02 2.558848501986234112e+02
2.127340374085694918e+02 2.551190430428490288e+02
2.133886736171535006e+02 2.543598169947749170e+02
2.140509122577029757e+02 2.536072129640330672e+02
2.147206479218457389e+02 2.528612725713953182e+02
2.153977783391972878e+02 2.521220382337886008e+02
2.160822042438732069e+02 2.513895532447010908e+02
2.167738292433311926e+02 2.506638618502854001e+02
2.174725596894785156e+02 2.499450093214449282e+02
2.181783045519632935e+02 2.492330420221647103e+02
2.188909752935599329e+02 2.485280074743268415e+02
2.196104857475473864e+02 2.478299544192282156e+02
2.203367545896353192e+02 2.471389356279665606e+02
2.210696988097863311e+02 2.464550012921960160e+02
2.218092376373623154e+02 2.457782031406012493e+02
2.225552931648926176e+02 2.451085953415425536e+02
2.233077933691905912e+02 2.444462382517299091e+02
2.240666610095898079e+02 2.437911860710603662e+02
2.248318221296494244e+02 2.431434963818762753e+02
2.256032103173590997e+02 2.425032357025377507e+02
2.263807515412705982e+02 2.418704615791016579e+02
2.271643778806454463e+02 2.412452390524270527e+02
2.279540242465853055e+02 2.406276372062965834e+02
2.287496193213955848e+02 2.400177176280480182e+02
2.295511041012880469e+02 2.394155585667187722e+02
2.303584065535559375e+02 2.388212218776102418e+02
2.311714686728368235e+02 2.382347891837667362e+02
2.319902210317998197e+02 2.376563275632810530e+02
2.328146058412895059e+02 2.370859216440591979e+02
2.336445545263450185e+02 2.365236420333998240e+02
2.344800103877631443e+02 2.359695782919740168e+02
2.353209045717542267e+02 2.354238035780397809e+02
2.361671805567878266e+02 2.348864117645320562e+02
2.370187702604532944e+02 2.343574808588731457e+02
2.378756145802665287e+02 2.338371053516721645e+02
2.387376479454756293e+02 2.333253717794050033e+02
2.396048071526109027e+02 2.328223731631321982e+02
2.404770291614223083e+02 2.323282058077490717e+02
2.413542458489449984e+02 2.318429600793440102e+02
2.422363965157034045e+02 2.313667430701917738e+02
2.431234092695262916e+02 2.308996448998866526e+02
2.440152200124063029e+02 2.304417739281732622e+02
2.449117581733685540e+02 2.299932302463923861e+02
2.458129533127307695e+02 2.295541182668344220e+02
2.467187363471186927e+02 2.291245498979623108e+02
2.476290306149649041e+02 2.287046259518716909e+02
2.485437657751263600e+02 2.282944659366075939e+02
2.494628619424412079e+02 2.278941738677706894e+02
2.503862425206749265e+02 2.275038666957854616e+02
2.513138275873989187e+02 2.271236599381102792e+02
2.522455328356510051e+02 2.267536647473786786e+02
2.531812774265648045e+02 2.263940079335999371e+02
2.541209704075459115e+02 2.260447975309065782e+02
2.550645257100728145e+02 2.257061619674711892e+02
2.560118493101755917e+02 2.253782161193785782e+02
2.569628472437595974e+02 2.250610832423189152e+02
2.579174228045743007e+02 2.247548877840828254e+02
2.588754736754599435e+02 2.244597462279615172e+02
2.598368996196691114e+02 2.241757920233233676e+02
2.608015848587461960e+02 2.239031160530187776e+02
2.617693875578330562e+02 2.236417199919259815e+02
2.627401526256628586e+02 2.233915494547571541e+02
2.637137308858239635e+02 2.231525606398221555e+02
2.646899747802112870e+02 2.229247047866768980e+02
2.656687387129933882e+02 2.227079289568634692e+02
2.666498821573059672e+02 2.225021905694419218e+02
2.676332635496343642e+02 2.223074293518440072e+02
2.686187483063280865e+02 2.221236065294743014e+02
2.696062000366417806e+02 2.219506607681478556e+02
2.705954881509629217e+02 2.217885487116464276e+02
2.715864825781393392e+02 2.216372164431830925e+02
2.725790562739082930e+02 2.214966141694485202e+02
2.735730848459988351e+02 2.213666955301675614e+02
2.745684448853465938e+02 2.212474052453594595e+02
2.755650170233613494e+02 2.211387044553718795e+02
2.765626816384300923e+02 2.210405346568126390e+02
2.775613233946102696e+02 2.209528606204274865e+02
2.785608268049894605e+02 2.208756264805435876e+02
2.795610797353038492e+02 2.208087957478817600e+02
2.805619707116350696e+02 2.207523191502479563e+02
2.815633905364421707e+02 2.207061588961288408e+02
2.825652311398162624e+02 2.206702713619248186e+02
2.835673860908765391e+02 2.206446191709327138e+02
2.845697501760238310e+02 2.206291631044365147e+02
2.855722194634943776e+02 2.206238681609620471e+02
2.865746911306683273e+02 2.206286979674921440e+02
2.875770633610628124e+02 2.206436221242215368e+02
2.885792353625426472e+02 2.206686052134629676e+02
2.895811069123166703e+02 2.207036239511326698e+02
2.905825789874440943e+02 2.207486422295953048e+02
2.915835523640038787e+02 2.208036449283919467e+02
2.925839292884061251e+02 2.208685988697963580e+02
2.935836116941653131e+02 2.209434863257051518e+02
2.945825018468102030e+02 2.210282891154011509e+02
2.955805027722288401e+02 2.211229845083928183e+02
2.965775166372696390e+02 2.212275619440414403e+02
2.975734460228117086e+02 2.213420072658670108e+02
2.985681936536939816e+02 2.214663061580099281e+02
2.995616615480279847e+02 2.216004502208351141e+02
3.005537504586628188e+02 2.217444386562812895e+02
3.015443621174632653e+02 2.218982618285879767e+02
3.025333968320412055e+02 2.220619179477102705e+02
3.035207540260483938e+02 2.222354078240911122e+02
3.045063321396442575e+02 2.224187346445511650e+02
3.054900284918607554e+02 2.226119039964564195e+02
3.064717391396600874e+02 2.228149238902578588e+02
3.074513587334760132e+02 2.230278047803265054e+02
3.084287803690247074e+02 2.232505595839880357e+02
3.094038954351611324e+02 2.234832036986339858e+02
3.103765934575566234e+02 2.237257550167634577e+02
3.113467619379630946e+02 2.239782339387814432e+02
3.123142861888317725e+02 2.242406633833514604e+02
3.132790491630470910e+02 2.245130687950695290e+02
3.142409302484770706e+02 2.247954815919391365e+02
3.151998066628964352e+02 2.250879334667963576e+02
3.161555541572334391e+02 2.253904540078912362e+02
3.171080420472553669e+02 2.257030858024037059e+02
3.180571392091388816e+02 2.260258647450062597e+02
3.190027088449850794e+02 2.263588355742858766e+02
3.199446120423635307e+02 2.267020406499551370e+02
3.208827025466326290e+02 2.270555337612310041e+02
3.218168340642471890e+02 2.274193596458731008e+02
3.227468528941315640e+02 2.277935731801234454e+02
3.236725993098552294e+02 2.281782342878954921e+02
3.245939105572538779e+02 2.285733999924422335e+02
3.255106178901361886e+02 2.289791311332608643e+02
3.264225462396873354e+02 2.293954921794132247e+02
3.273295144601028142e+02 2.298225498157965205e+02
3.282313337271683622e+02 2.302603754710831936e+02
3.291278092014292156e+02 2.307090409193021117e+02
3.300187404056690070e+02 2.311686170332131667e+02
3.309039170843594206e+02 2.316391810938134768e+02
3.317831193099600569e+02 2.321208151485048745e+02
3.326561236002333999e+02 2.326135940293055171e+02
3.335226928873928500e+02 2.331176027553985080e+02
3.343825817290389750e+02 2.336329258111862259e+02
3.352355374257676317e+02 2.341596446789061474e+02
3.360812945810064321e+02 2.346978458798826637e+02
3.369195773577811224e+02 2.352476159854227546e+02
3.377500990855492091e+02 2.358090412176092343e+02
3.385725618722071317e+02 2.363822070070572181e+02
3.393866562247118281e+02 2.369671975046587420e+02
3.401920537616845195e+02 2.375641042433252039e+02
3.409884252121617578e+02 2.381730005078798911e+02
3.417754150697521141e+02 2.387939742510478709e+02
3.425526646239147226e+02 2.394270965067773318e+02
3.433197937230250432e+02 2.400724435958610172e+02
3.440764075065669658e+02 2.407300868684785371e+02
3.448221012605717988e+02 2.414000861344380269e+02
3.455564522682533948e+02 2.420824979538411981e+02
3.462790185518556427e+02 2.427773751189454003e+02
3.469893498063486277e+02 2.434847538975441239e+02
3.476869795149243600e+02 2.442046615214777887e+02
3.483714151624738520e+02 2.449371237607988974e+02
3.490421662564048688e+02 2.456821371130124305e+02
3.496987113570284578e+02 2.464396985237454203e+02
3.503405247131414058e+02 2.472097797429062211e+02
3.509670659756097280e+02 2.479923359358331254e+02
3.515777808728038281e+02 2.487873039431566156e+02
3.521721048907550653e+02 2.495945984567624123e+02
3.527494648081615765e+02 2.504141102995158406e+02
3.533092749496287297e+02 2.512457083669125097e+02
3.538509498455643438e+02 2.520892304779538904e+02
3.543739049016185163e+02 2.529444835737398023e+02
3.548775366094024548e+02 2.538112554576248385e+02
3.553612709274851795e+02 2.546892862389446748e+02
3.558245116287884002e+02 2.555782989402844976e+02
3.562666947408462192e+02 2.564779700712334716e+02
3.566872605176717457e+02 2.573879465578093004e+02
3.570856573234854636e+02 2.583078441023329219e+02
3.574613698685593590e+02 2.592372365156111869e+02
3.578139037490893202e+02 2.601756654499601495e+02
3.581427992742262063e+02 2.611226374135094375e+02
3.584478316683472485e+02 2.620775637679200258e+02
3.587290773434115181e+02 2.630397649747901028e+02
3.589866744291374516e+02 2.640085659540744700e+02
3.592207984632594844e+02 2.649833064590202412e+02
3.594316511575829054e+02 2.659633450813352056e+02
3.596194935575589398e+02 2.669480537800021693e+02
3.597845942512734041e+02 2.679368304353680514e+02
3.599272644921359188e+02 2.689290926220910478e+02
3.600478241611314729e+02 2.699242840193838333e+02
3.601466299964291693e+02 2.709218708229141157e+02
3.602240440608303516e+02 2.719213460093297385e+02
3.602804407708149483e+02 2.729222278717931545e+02
3.603162114332481565e+02 2.739240596786542028e+02
3.603317535136572474e+02 2.749264100896431273e+02
3.603274653428211991e+02 2.759288724675463982e+02
3.603037562727996601e+02 2.769310642207587421e+02
3.602610355804329174e+02 2.779326263259121674e+02
3.601996996966017832e+02 2.789332215628004406e+02
3.601201634508426537e+02 2.799325353695957688e+02
3.600228128787160244e+02 2.809302718483843364e+02
3.599080526138474170e+02 2.819261565224394985e+02
3.597762695946190092e+02 2.829199323702647462e+02
3.596278451111595587e+02 2.839113597927251362e+02
3.594631540372541281e+02 2.849002156617422088e+02
3.592825641559881547e+02 2.858862923713032842e+02
3.590864292331513070e+02 2.868693955789135543e+02
3.588751008731335901e+02 2.878493455284161087e+02
3.586489204702566553e+02 2.888259748070366868e+02
3.584082170251979846e+02 2.897991268500730371e+02
3.581533088064880417e+02 2.907686553437360431e+02
3.578845114046891922e+02 2.917344256358166490e+02
3.576021254871675978e+02 2.926963108092742232e+02
3.573064430807498297e+02 2.936541925195198246e+02
3.569977475653241754e+02 2.946079603467464381e+02
3.566763137048030217e+02 2.955575111808811357e+02
3.563424037059378975e+02 2.965027471944663944e+02
3.559962729573879301e+02 2.974435771153062547e+02
3.556381740916461922e+02 2.983799173715783581e+02
3.552683364625172544e+02 2.993116836520226229e+02
3.548869979563804122e+02 3.002388026133568815e+02
3.544943795561370621e+02 3.011612015547140686e+02
3.540906894824536835e+02 3.020788091412843528e+02
3.536761390381535648e+02 3.029915618859049573e+02
3.532509268497939274e+02 3.038993969614932666e+02
3.528152445025554016e+02 3.048022541494753455e+02
3.523692770009320725e+02 3.057000756634349727e+02
3.519132029492581637e+02 3.065928058685283872e+02
3.514471897864232233e+02 3.074803883846736312e+02
3.509714070535272867e+02 3.083627726363324086e+02
3.504860157698345233e+02 3.092399081411875841e+02
3.499911641678546061e+02 3.101117415452352475e+02
3.494870046046181642e+02 3.109782257623676287e+02
3.489736769948689812e+02 3.118393103690453358e+02
3.484513216404981790e+02 3.126949487203839908e+02
3.479200656303178221e+02 3.135450894746709878e+02
3.473800421360880364e+02 3.143896881968299795e+02
3.468313729065467896e+02 3.152286963086887681e+02
3.462741715590433387e+02 3.160620625643906010e+02
3.457085568858209967e+02 3.168897417185456220e+02
3.451346385067800497e+02 3.177116848601916672e+02
3.445525222668479159e+02 3.185278426948698325e+02
3.439623103762986034e+02 3.193381654336876636e+02
3.433641015485237062e+02 3.201426026877824711e+02
3.427579911352873410e+02 3.209411033677878322e+02
3.421440712595113496e+02 3.217336155879359012e+02
3.415224309456619949e+02 3.225200865744508860e+02
3.408931562478196611e+02 3.233004625779182106e+02
3.402563303755345032e+02 3.240746887893327539e+02
3.396120315214080279e+02 3.248427073140462085e+02
3.389603378928796360e+02 3.256044611433884484e+02
3.383013264498092099e+02 3.263598930801937854e+02
3.376350702778310620e+02 3.271089433080395565e+02
3.369616367201913363e+02 3.278515473754315508e+02
3.362810955621853282e+02 3.285876433482220591e+02
3.355935156265521186e+02 3.293171688039363403e+02
3.348989575801912224e+02 3.300400537794707247e+02
3.341974859255428782e+02 3.307562318745081598e+02
3.334891641567633087e+02 3.314656357278315113e+02
3.327740454056197450e+02 3.321681872983569974e+02
3.320521948803450982e+02 3.328638203360477519e+02
3.313236641480827984e+02 3.335524540952479242e+02
3.305885120686564278e+02 3.342340147026247905e+02
3.298467914815460631e+02 3.349084210940485491e+02
3.290985562064708461e+02 3.355755922389006400e+02
3.283438594483739621e+02 3.362354453465571282e+02
3.275827519102680867e+02 3.368878934909942586e+02
3.268152863014104810e+02 3.375328506599097409e+02
3.260415117813145685e+02 3.381702250703978621e+02
3.252614800523762142e+02 3.387999262550436583e+02
3.244752399874776074e+02 3.394218583798297004e+02
3.236828420928428613e+02 3.400359255634409124e+02
3.228843359279022138e+02 3.406420284853648468e+02
3.220797709078219100e+02 3.412400651793021211e+02
3.212691979999838168e+02 3.418299331545465520e+02
3.204526659006834848e+02 3.424115239894084652e+02
3.196302274864893889e+02 3.429847320853904193e+02
3.188019313462634159e+02 3.435494425082229668e+02
3.179678325785051811e+02 3.441055463565762125e+02
3.171279804865074539e+02 3.446529224512558471e+02
3.162824325470284066e+02 3.451914581346654813e+02
3.154312397797523886e+02 3.457210265853108240e+02
3.145744620723248772e+02 3.462415106798195552e+02
3.137121533105994899e+02 3.467527788998802976e+02
3.128443757355518073e+02 3.472547086971211456e+02
3.119711873621880045e+02 3.477471651495371816e+02
3.110926526714211491e+02 3.482300190861022315e+02
3.102088351463734170e+02 3.487031338225347099e+02
3.093198013737529095e+02 3.491663721462444414e+02
3.084256216797365937e+02 3.496195975957449491e+02
3.075263646374949644e+02 3.500626633008252497e+02
3.066221083750965590e+02 3.504954344723603299e+02
3.057129246110878285e+02 3.509177554052107553e+02
3.047988975321109706e+02 3.513294887715971413e+02
3.038801079218594623e+02 3.517304817081904957e+02
3.029566415031853808e+02 3.521205832781582785e+02
3.020285902187229681e+02 3.524996480271236123e+02
3.010960433196192412e+02 3.528675139571608952e+02
3.001591007547862660e+02 3.532240352585488381e+02
2.992178632708091754e+02 3.535690578967982560e+02
2.982724325673684689e+02 3.539024183249328530e+02
2.973229209715941010e+02 3.542239705821698976e+02
2.963694409860278256e+02 3.545335571553658269e+02
2.954121082202753428e+02 3.548310158216002606e+02
2.944510476430507424e+02 3.551161999327370609e+02
2.934863857533655960e+02 3.553889537638152092e+02
2.925182549819590463e+02 3.556491265324027609e+02
2.915468273554666894e+02 3.558967060030344101e+02
2.905722902630657245e+02 3.561317484514758007e+02
2.895948259072543465e+02 3.563543043996676829e+02
2.886146176615440027e+02 3.565644464435848704e+02
2.876318431399288897e+02 3.567622401968180839e+02
2.866466749552126885e+02 3.569477449030318326e+02
2.856592851179595414e+02 3.571210360567962425e+02
2.846698411665846038e+02 3.572821863102848852e+02
2.836785058216002540e+02 3.574312607326095304e+02
2.826854401748552732e+02 3.575683363775733028e+02
2.816908016438375739e+02 3.576934903081399284e+02
2.806947431292367696e+02 3.578067905703762221e+02
2.796974154888367821e+02 3.579083151643853284e+02
2.786989662787592010e+02 3.579981429313627928e+02
2.776995389941099575e+02 3.580763422844208890e+02
2.766992750294564303e+02 3.581429919230400856e+02
2.756983126285277876e+02 3.581981700185114050e+02
2.746967865786588163e+02 3.582419431261790805e+02
2.736948295912686717e+02 3.582743904476076864e+02
2.726925713939280058e+02 3.582955873684737753e+02
2.716901389746722657e+02 3.583055968548032411e+02
2.706876571352686938e+02 3.583044981924089711e+02
2.696852480815261401e+02 3.582923617491146615e+02
2.686830320113926973e+02 3.582692474220236818e+02
2.676811266450534958e+02 3.582352320350223636e+02
2.666796478355027489e+02 3.581903795977253253e+02
2.656787098534129541e+02 3.581347486640545412e+02
2.646784244519718641e+02 3.580684098343049868e+02
2.636789022336982384e+02 3.579914216642566203e+02
2.626802525157632999e+02 3.579038393457740881e+02
2.616825822408448516e+02 3.578057271105130326e+02
2.606859977557348884e+02 3.576971386391378473e+02
2.596906046665452550e+02 3.575781228677381591e+02
2.586965061822802454e+02 3.574487381583498973e+02
2.577038052988970094e+02 3.573090340189459084e+02
2.567126053035142945e+02 3.571590509615003270e+02
2.557230068439045283e+02 3.569988409319872176e+02
2.547351108389647152e+02 3.568284475762125680e+02
2.537490180777634805e+02 3.566479107490280285e+02
2.527648297098174339e+02 3.564572651006672572e+02
2.517826449553127475e+02 3.562565523414788800e+02
2.508025639872139436e+02 3.560458064820060713e+02
2.498246871092522952e+02 3.558250591943709651e+02
2.488491150064726298e+02 3.555943393181582906e+02
2.478759493078586331e+02 3.553536712627156362e+02
2.469052906869372919e+02 3.551030831469606710e+02
2.459372413246227609e+02 3.548425971180870420e+02
2.449719042302008631e+02 3.545722328989446623e+02
2.440093833871230231e+02 3.542920077773720209e+02
2.430497839012583370e+02 3.540019365977005350e+02
2.420932121518044653e+02 3.537020317544603927e+02
2.411397759450657929e+02 3.533923031883455792e+02
2.401895846713141793e+02 3.530727583845177264e+02
2.392427494649504922e+02 3.527434023733555364e+02
2.382993833681898082e+02 3.524042377337846688e+02
2.373596024047264166e+02 3.520552621970446694e+02
2.364235242284933918e+02 3.516964729357842430e+02
2.354912679274537481e+02 3.513278672295371052e+02
2.345629559393247519e+02 3.509494379107241571e+02
2.336387158909042796e+02 3.505611697928796957e+02
2.327186753287342356e+02 3.501630529377821972e+02
2.318029653364091018e+02 3.497550740572524433e+02
2.308917246187843091e+02 3.493372083179748415e+02
2.299850888397872382e+02 3.489094433856334376e+02
2.290832049758337803e+02 3.484717487217016583e+02
2.281862183656377567e+02 3.480241038220833616e+02
2.272942807512448837e+02 3.475664816224226001e+02
2.264075524280715683e+02 3.470988455643130237e+02
2.255261929477238141e+02 3.466211680256610066e+02
2.246503698196588061e+02 3.461334140066397822e+02
2.237802564084072969e+02 3.456355459980943010e+02
2.229160319184259436e+02 3.451275246529917808e+02
2.220578816812722494e+02 3.446093089041597182e+02
2.212059974499741486e+02 3.440808560965275547e+02
2.203605777002787534e+02 3.435421221352192447e+02
2.195218296515026282e+02 3.429930590685485186e+02
2.186899682921547310e+02 3.424336175011370074e+02
2.178652117660189163e+02 3.418637539135069687e+02
2.170477954051069105e+02 3.412834109526481257e+02
2.162379527868196192e+02 3.406925454761662877e+02
2.154359395402785537e+02 3.400910960506189440e+02
2.146420084534547925e+02 3.394790179562072012e+02
2.138564288251234018e+02 3.388562576957376677e+02
2.130794802283975571e+02 3.382227625594105689e+02
2.123114528467237960e+02 3.375784810794414170e+02
2.115526478228511849e+02 3.369233634974876281e+02
2.108033775959955847e+02 3.362573622762045602e+02
2.100639662231284035e+02 3.355804326575648133e+02
2.093347539326553317e+02 3.348925288287639432e+02
2.086160908969159493e+02 3.341936118293467644e+02
2.079083400684383491e+02 3.334836473599669944e+02
2.072118785402930428e+02 3.327626054822003994e+02
2.065271029617709075e+02 3.320304568372386598e+02
2.058544147047919921e+02 3.312871878211464605e+02
2.051942348446812048e+02 3.305327874252829474e+02
2.045469982132940743e+02 3.297672541448351353e+02
2.039131532977926327e+02 3.289905971278062680e+02
2.032931656452870186e+02 3.282028346014531053e+02
2.026875135540369115e+02 3.274039986298721487e+02
2.020966813285862429e+02 3.265941408958122452e+02
2.015211852930548559e+02 3.257733148456715639e+02
2.009615317431366464e+02 3.249416071396977941e+02
2.004182516373849126e+02 3.240991136162326143e+02
1.998918888388081996e+02 3.232459491846315132e+02
1.993829883578166005e+02 3.223822557957101367e+02
1.988921052497402968e+02 3.215081972350089927e+02
1.984198016989232656e+02 3.206239616444490821e+02
1.979666467077435925e+02 3.197297623858860902e+02
1.975332018154071818e+02 3.188258454905326857e+02
1.971200294801926987e+02 3.179124849787260132e+02
1.967276967921651192e+02 3.169899816260665375e+02
1.963567507969336248e+02 3.160586734183562498e+02
1.960077334149451360e+02 3.151189280464326998e+02
1.956811695942735980e+02 3.141711468402523906e+02
1.953775678936476083e+02 3.132157632545817592e+02
