1.817987012987013031e+02 3.139155844155843624e+02
1.815589996317114299e+02 3.129426422425987084e+02
1.813556338966021144e+02 3.119614596918175948e+02
1.811882569563154277e+02 3.109734992164634946e+02
1.810563696012524701e+02 3.099801758678660804e+02
1.809593373166934782e+02 3.089828417940183840e+02
1.808964101126985895e+02 3.079827738174041656e+02
1.808667539306264302e+02 3.069811643808427561e+02
1.808694334391114467e+02 3.059791170084930627e+02
1.809034815340502007e+02 3.049776420414020777e+02
1.809678797637326113e+02 3.039776573888505595e+02
1.810615896087504950e+02 3.029799902811534480e+02
1.811835526779315160e+02 3.019853794500592130e+02
1.813327184788614375e+02 3.009944810645645816e+02
1.815080442489225732e+02 3.000078732145369145e+02
1.817085074143612076e+02 2.990260623548120975e+02
1.819331034756331178e+02 2.980494875623623443e+02
1.821808696545217856e+02 2.970785308148084027e+02
1.824508589026945344e+02 2.961135158119347466e+02
1.827421704350346658e+02 2.951547204053885594e+02
1.830539343803870622e+02 2.942023775107885513e+02
1.833853258353313720e+02 2.932566841569223470e+02
1.837355456250720636e+02 2.923177994035372649e+02
1.841038428243981286e+02 2.913858563946322420e+02
1.844894983914639397e+02 2.904609605767778930e+02
1.848918250314160332e+02 2.895431928887532536e+02
1.853101794922519900e+02 2.886326186603182578e+02
1.857439416878027316e+02 2.877292816691332860e+02
1.861925310846094987e+02 2.868332145397019985e+02
1.866553943339157229e+02 2.859444358189569471e+02
1.871320044110622405e+02 2.850629518229234804e+02
1.876218725446284736e+02 2.841887656365236126e+02
1.881245210286265603e+02 2.833218644061146279e+02
1.886395078937570986e+02 2.824622350062525129e+02
1.891664121668893017e+02 2.816098577976985666e+02
1.897048329809312293e+02 2.807647076297640183e+02
1.902543886875936892e+02 2.799267547354751855e+02
1.908147274257147785e+02 2.790959733596865817e+02
1.913855008287148394e+02 2.782723256697543093e+02
1.919663886607203835e+02 2.774557794516826448e+02
1.925570855108061892e+02 2.766463004949505375e+02
1.931573000938886366e+02 2.758438530615538298e+02
1.937667545739756463e+02 2.750484003021334161e+02
1.943851839110985225e+02 2.742599046242490317e+02
1.950123414504664083e+02 2.734783330647248363e+02
1.956479857591168638e+02 2.727036477255173281e+02
1.962918953502262127e+02 2.719358184195165791e+02
1.969438502009587637e+02 2.711748081875570620e+02
1.976036457859770792e+02 2.704205855532878218e+02
1.982710864108807698e+02 2.696731196428607973e+02
1.989459847829442083e+02 2.689323803316881367e+02
1.996281616010651305e+02 2.681983383730643595e+02
2.003174506894456215e+02 2.674709707986384615e+02
2.010136844487651047e+02 2.667502477019385765e+02
2.017167093863853609e+02 2.660361473118689446e+02
2.024263748280840503e+02 2.653286456600565089e+02
2.031425420777300701e+02 2.646277260729868317e+02
2.038650708205550757e+02 2.639333658235170788e+02
2.045938311408934567e+02 2.632455486311401955e+02
2.053286981263932205e+02 2.625642595907926875e+02
2.060695516292970808e+02 2.618894852109634144e+02
2.068162760384976480e+02 2.612212134465621034e+02
2.075687600618801127e+02 2.605594337271365362e+02
2.083268965184741717e+02 2.599041369809716002e+02
2.090905824735336864e+02 2.592553160515881245e+02
2.098597231939311030e+02 2.586129707573149972e+02
2.106342183360214335e+02 2.579770916254917097e+02
2.114139792252912571e+02 2.573476807612772177e+02
2.121989162374663636e+02 2.567247369114373328e+02
2.129889453487657534e+02 2.561082636989365255e+02
2.137839812469126173e+02 2.554982610635078686e+02
2.145839494055590819e+02 2.548947411384215798e+02
2.153887687854330011e+02 2.542977058365554512e+02
2.161983651235243826e+02 2.537071643852957266e+02
2.170126666330702392e+02 2.531231279575789586e+02
2.178316043908736219e+02 2.525456104278047178e+02
2.186551101565372051e+02 2.519746254614439067e+02
2.194831171251968271e+02 2.514101876351892031e+02
2.203155611773826479e+02 2.508523144200940465e+02
2.211523798427966199e+02 2.503010248673301135e+02
2.219935122041629256e+02 2.497563396112458065e+02
2.228388993709207853e+02 2.492182817708036850e+02
2.236884839780341849e+02 2.486868763696135147e+02
2.245422083076603315e+02 2.481621474258082856e+02
2.254000167175501872e+02 2.476441219207845847e+02
2.262618546774195920e+02 2.471328284308748096e+02
2.271276695708466207e+02 2.466282986596897899e+02
2.279974106879192846e+02 2.461305677108178998e+02
2.288710238686306013e+02 2.456396647707362035e+02
2.297484585108964836e+02 2.451556253649406756e+02
2.306296682073895283e+02 2.446784931468386617e+02
2.315145994913610821e+02 2.442082992774959962e+02
2.324032056455767759e+02 2.437450879370579457e+02
2.332954385926315695e+02 2.432889015909825901e+02
2.341912485585004049e+02 2.428397801097808610e+02
2.350905913275390162e+02 2.423977754101758535e+02
2.359934154928270971e+02 2.419629259279443545e+02
2.368996785667297615e+02 2.415352896882444327e+02
2.378093289427531545e+02 2.411149069230713735e+02
2.387223240213339750e+02 2.407018386182730012e+02
2.396386131516256341e+02 2.402961298298580743e+02
2.405581520535715470e+02 2.398978415450226578e+02
2.414808919279666100e+02 2.395070264723452169e+02
2.424067854966405662e+02 2.391237428232026048e+02
2.433357864661399788e+02 2.387480535912382322e+02
2.442678440721651327e+02 2.383800131424865469e+02
2.452029131632600354e+02 2.380196926004590807e+02
2.461409420628576754e+02 2.376671492617683441e+02
2.470818814254079996e+02 2.373224492595267066e+02
2.480256830765321752e+02 2.369856654273699519e+02
2.489722933193650363e+02 2.366568586820758640e+02
2.499216618395811338e+02 2.363361030394505633e+02
2.508737364818193214e+02 2.360234713685090071e+02
2.518284618626342706e+02 2.357190308040025855e+02
2.527857741670455312e+02 2.354228250962573838e+02
2.537455854789765795e+02 2.351348198892981713e+02
2.547078056282340697e+02 2.348549677255229824e+02
2.556723489012500750e+02 2.345832303023830150e+02
2.566391298568351544e+02 2.343195645796378699e+02
2.576080637964887501e+02 2.340639239422361015e+02
2.585790698517417923e+02 2.338162700439842752e+02
2.595520680759510128e+02 2.335765624305251720e+02
2.605269787010573168e+02 2.333447551177583819e+02
2.615037253331130955e+02 2.331208098850315196e+02
2.624822332721932980e+02 2.329046901696292196e+02
2.634624272407203307e+02 2.326963506344139319e+02
2.644442350165900280e+02 2.324957536302746917e+02
2.654275866823497267e+02 2.323028670516410727e+02
2.664124110948972088e+02 2.321176464956081134e+02
2.673986399476718248e+02 2.319400556419600434e+02
2.683862074914842992e+02 2.317700666221096526e+02
2.693750464234030346e+02 2.316076365626287270e+02
2.703650921175342319e+02 2.314527315708152742e+02
2.713562822961897609e+02 2.313053269738303754e+02
2.723485532381785106e+02 2.311653823622557411e+02
2.733418437572344146e+02 2.310328677375724737e+02
2.743360943351611354e+02 2.309077597312439138e+02
2.753312445814785860e+02 2.307900216991758668e+02
2.763272364725881971e+02 2.306796293969167664e+02
2.773240125893548225e+02 2.305765579922071140e+02
2.783215155978137432e+02 2.304807762996209988e+02
2.793196902923498328e+02 2.303922681068843019e+02
2.803184808106024661e+02 2.303110034465684350e+02
2.813178328887639168e+02 2.302369635702801816e+02
2.823176926624325347e+02 2.301701284151901916e+02
2.833180066568903612e+02 2.301104756894163472e+02
2.843187224445943571e+02 2.300579926309005430e+02
2.853197874786454804e+02 2.300126563383225289e+02
2.863211503128428035e+02 2.299744584711592381e+02
2.873227593514353089e+02 2.299433787305632677e+02
2.883245637918803368e+02 2.299194100341069884e+02
2.893265128835072915e+02 2.299025381872193918e+02
2.903285562605883570e+02 2.298927539074237245e+02
2.913306437669357365e+02 2.298900529098521588e+02
2.923327253865071498e+02 2.298944231518276808e+02
2.933347512213030654e+02 2.299058647675395548e+02
2.943366714277024130e+02 2.299243735491950815e+02
2.953384362472963289e+02 2.299499453802911262e+02
2.963399958260341691e+02 2.299825812387908570e+02
2.973413000093016763e+02 2.300222878698928639e+02
2.983422988307598871e+02 2.300690641119263660e+02
2.993429419413831170e+02 2.301229158189388784e+02
3.003431787033629234e+02 2.301838506194379477e+02
3.013429581297313575e+02 2.302518779498097103e+02
3.023422288223141550e+02 2.303270090888519803e+02
3.033409389078753975e+02 2.304092571934802720e+02
3.043390359723096026e+02 2.304986373356614990e+02
3.053364669927262867e+02 2.305951665406287816e+02
3.063331782672664758e+02 2.306988638264300846e+02
3.073291153424785875e+02 2.308097502448586340e+02
3.083242229380736035e+02 2.309278489238141958e+02
3.093184446992272569e+02 2.310531864185483641e+02
3.103117228679424784e+02 2.311857942130721995e+02
3.113039997021814997e+02 2.313256976518180750e+02
3.122952153102122566e+02 2.314729316889445272e+02
3.132853082955257946e+02 2.316275346135556958e+02
3.142742169756015187e+02 2.317895399978113744e+02
3.152618765633673092e+02 2.319589938211759375e+02
3.162482219021465539e+02 2.321359368922490773e+02
3.172331858225876999e+02 2.323204145045100972e+02
3.182166980242229783e+02 2.325124811324248810e+02
3.191986875081214521e+02 2.327121868957639776e+02
3.201790807021654928e+02 2.329195870410861744e+02
3.211578014106087267e+02 2.331347411887723240e+02
3.221347709232333614e+02 2.333577120319342555e+02
3.231099078520758781e+02 2.335885654172264765e+02
3.240831279590551048e+02 2.338273704276273577e+02
3.250543426670967619e+02 2.340742045229442283e+02
3.260234618930728629e+02 2.343291414741474341e+02
3.269903915648422981e+02 2.345922608280330621e+02
3.279550313772562617e+02 2.348636547445298106e+02
3.289172804340750531e+02 2.351434067673691857e+02
3.298770312772217039e+02 2.354316125991589672e+02
3.308341705483192072e+02 2.357283759844100359e+02
3.317885824797866121e+02 2.360337965628719417e+02
3.327401443681407045e+02 2.363479837878045089e+02
3.336887278322419661e+02 2.366710516224172807e+02
3.346341970069309468e+02 2.370031226991151811e+02
3.355764108707496121e+02 2.373443204445100321e+02
3.365152218194321563e+02 2.376947724205831207e+02
3.374504701297912561e+02 2.380546235982961605e+02
3.383819929841784528e+02 2.384240110367449859e+02
3.393096156041527820e+02 2.388030859940487289e+02
3.402331534436779066e+02 2.391920063219238841e+02
3.411524119107592696e+02 2.395909356443219451e+02
3.420671857036549568e+02 2.400000434317829843e+02
3.429772570936909233e+02 2.404195072185633819e+02
3.438823928070728471e+02 2.408495172361239156e+02
3.447823495259415267e+02 2.412902627197863978e+02
3.456768663265874011e+02 2.417419459629140022e+02
3.465656655017921253e+02 2.422047779141992976e+02
3.474484525088992655e+02 2.426789759286874073e+02
3.483249146772485005e+02 2.431647639207729412e+02
3.491947125955760498e+02 2.436623848918857220e+02
3.500574934242263225e+02 2.441720743233816222e+02
3.509128741740254327e+02 2.446940866173504503e+02
3.517604469502440452e+02 2.452286821134442221e+02
3.525997775033036987e+02 2.457761261824153962e+02
3.534303951533615304e+02 2.463367007011274268e+02
3.542518050740917488e+02 2.469106813160545357e+02
3.550634705884141908e+02 2.474983594046821906e+02
3.558648193160888127e+02 2.481000278711953513e+02
3.566552388582724689e+02 2.487159822815087296e+02
3.574340689275048248e+02 2.493465253814481457e+02
3.582006065192753113e+02 2.499919545043570110e+02
3.589540977281329788e+02 2.506525657362876984e+02
3.596937318088995994e+02 2.513286536891693572e+02
3.604186494827401361e+02 2.520204953521638345e+02
3.611279257006352168e+02 2.527283615735602496e+02
3.618205767150267320e+02 2.534525013707407197e+02
3.624955552075477954e+02 2.541931390442767054e+02
3.631517487088091229e+02 2.549504673868298141e+02
3.637879752629326617e+02 2.557246427642538720e+02
3.644029940955393272e+02 2.565157677579804840e+02
3.649955026505162436e+02 2.573238862274043299e+02
3.655641332624090865e+02 2.581489776074084830e+02
3.661074666625943337e+02 2.589909394153323206e+02
3.666240463031189734e+02 2.598495722606539289e+02
3.671123781225198286e+02 2.607245755682829440e+02
3.675709541335460813e+02 2.616155304493938729e+02
3.679982631264985571e+02 2.625218931520542469e+02
3.683928213084196841e+02 2.634429816026496383e+02
3.687531960550185772e+02 2.643779705139411362e+02
3.690780159509704959e+02 2.653258949345695328e+02
3.693660350409559783e+02 2.662856390298339875e+02
3.696161132387081807e+02 2.672559587146562876e+02
3.698274067374080687e+02 2.682354551362703319e+02
3.699998405726510100e+02 2.692225359524888972e+02
3.701337561834988037e+02 2.702155782396163204e+02
3.702297042815247323e+02 2.712130076715666860e+02
3.702883819816822779e+02 2.722133246609359389e+02
3.703106526498071958e+02 2.732151165440452019e+02
3.702974937018132664e+02 2.742170725730483127e+02
3.702499783544947149e+02 2.752179909329569227e+02
3.701692493855840098e+02 2.762167823587651583e+02
3.700565002092837403e+02 2.772124706229786284e+02
3.699129525593943981e+02 2.782041900032223225e+02
3.697398439591516421e+02 2.791911815044301193e+02
3.695383968682605769e+02 2.801727838190086004e+02
3.693098350719582186e+02 2.811484315473890661e+02
3.690553370971612708e+02 2.821176397083816596e+02
3.687760579905161080e+02 2.830800019363616116e+02
3.684731186581453244e+02 2.840351822916612150e+02
3.681475883469694281e+02 2.849829034487490844e+02
3.678004957350111113e+02 2.859229435721939012e+02
3.674328220771955102e+02 2.868551280707624187e+02
3.670454931101378406e+02 2.877793201272697843e+02
3.666394020046770947e+02 2.886954245142766808e+02
3.662153843477239548e+02 2.896033719984214940e+02
3.657742362167412011e+02 2.905031220246239627e+02
3.653167062344648457e+02 2.913946544643538346e+02
3.648435061402728365e+02 2.922779705338807616e+02
3.643553015923445741e+02 2.931530840149176811e+02
3.638527245808448356e+02 2.940200241040033120e+02
3.633363745980429940e+02 2.948788330862500402e+02
3.628068057739807841e+02 2.957295553141226492e+02
3.622645530692269062e+02 2.965722501491716798e+02
3.617101140376805688e+02 2.974069782561102215e+02
3.611439606535801659e+02 2.982338065388349264e+02
3.605665329726950858e+02 2.990528015604407415e+02
3.599782566405738748e+02 2.998640397359745862e+02
3.593795201235355989e+02 3.006675892273516411e+02
3.587707024457217244e+02 3.014635282466364856e+02
3.581521567238165176e+02 3.022519315369460173e+02
3.575242126126756261e+02 3.030328702920633077e+02
3.568871924036278642e+02 3.038064237394713132e+02
3.562413904891322431e+02 3.045726613552984645e+02
3.555870936619035660e+02 3.053316582784604520e+02
3.549245686817650949e+02 3.060834839060861441e+02
3.542540696561728168e+02 3.068282070708087872e+02
3.535758386919870304e+02 3.075658958022045795e+02
3.528901065174825931e+02 3.082966171220144247e+02
3.521970891293892123e+02 3.090204330532874337e+02
3.514969946401885750e+02 3.097374062867493194e+02
3.507900187687132529e+02 3.104475952114921711e+02
3.500763510960391045e+02 3.111510594292630572e+02
3.493561691155373410e+02 3.118478532474567828e+02
3.486296425869630866e+02 3.125380294200368212e+02
3.478969339247969970e+02 3.132216390853736812e+02
3.471581985672623318e+02 3.138987317156635299e+02
3.464135853268044798e+02 3.145693550765711279e+02
3.456632309642330938e+02 3.152335486319565803e+02
3.449072760973903655e+02 3.158913610290879888e+02
3.441458447699648104e+02 3.165428266080076014e+02
3.433790646675185485e+02 3.171879882003626108e+02
3.426070528744722310e+02 3.178268803322051781e+02
3.418299201807696477e+02 3.184595336923933928e+02
3.410477778008920495e+02 3.190859831337415926e+02
3.402607297731448170e+02 3.197062581677050161e+02
3.394688762058691509e+02 3.203203866202861718e+02
3.386723126005737186e+02 3.209283934937442950e+02
3.378711305085292906e+02 3.215303015212233504e+02
3.370654206678141236e+02 3.221261351749180903e+02
3.362552693109028610e+02 3.227159156130269935e+02
3.354407547442273767e+02 3.232996555240605403e+02
3.346219609231018808e+02 3.238773777813510719e+02
3.337989606221623262e+02 3.244490917828405827e+02
3.329718314257128213e+02 3.250148158806558740e+02
3.321406400515501218e+02 3.255745545892007158e+02
3.313054586613438346e+02 3.261283222352649318e+02
3.304663535990127912e+02 3.266761263149380738e+02
3.296233886649325200e+02 3.272179720478063700e+02
3.287766246001036734e+02 3.277538613465878257e+02
3.279261235342831355e+02 3.282837997256174276e+02
3.270719438488107471e+02 3.288077881258410571e+02
3.262141422636173616e+02 3.293258260106626381e+02
3.253527739204944282e+02 3.298379113728998959e+02
3.244878924633513861e+02 3.303440407414958599e+02
3.236195501156375371e+02 3.308442091879507529e+02
3.227477964337005005e+02 3.313384079825468120e+02
3.218726816339367360e+02 3.318266302907950376e+02
3.209942545087644135e+02 3.323088675002852028e+02
3.201125623480251079e+02 3.327851089228470300e+02
3.192276502567436296e+02 3.332553403257991249e+02
3.183395624072924761e+02 3.337195460498911643e+02
3.174483449959017207e+02 3.341777146972265200e+02
3.165540396827192922e+02 3.346298264123415720e+02
3.156566885472315676e+02 3.350758622078291751e+02
3.147563352176423450e+02 3.355158063887404865e+02
3.138530169303648449e+02 3.359496301650648888e+02
3.129467781572946024e+02 3.363773196304958333e+02
3.120376542613369679e+02 3.367988415491083174e+02
3.111256886196145501e+02 3.372141795395630766e+02
3.102109155661007662e+02 3.376232971605989519e+02
3.092933770895925250e+02 3.380261744263265768e+02
3.083731084258926671e+02 3.384227756384738655e+02
3.074501483197002472e+02 3.388130723888099283e+02
3.065245345796131460e+02 3.391970334641910654e+02
3.055963017765986365e+02 3.395746188775938208e+02
3.046654894684629653e+02 3.399457998239197991e+02
3.037321334268590363e+02 3.403105371734781102e+02
3.027962691199930987e+02 3.406687896019632262e+02
3.018579350780024129e+02 3.410205224431127249e+02
3.009171676105229380e+02 3.413656938846059461e+02
2.999740015381823923e+02 3.417042562534006152e+02
2.990284758245140893e+02 3.420361715898355328e+02
2.980806274176198940e+02 3.423613946444204430e+02
2.971304924339278273e+02 3.426798756029317587e+02
2.961781085469818322e+02 3.429915669383144063e+02
2.952235144929567809e+02 3.432964221444691475e+02
2.942667484242493288e+02 3.435943905357633525e+02
2.933078478859366669e+02 3.438854166363601053e+02
2.923468523433844553e+02 3.441694482168521176e+02
2.913838020655493324e+02 3.444464328239880615e+02
2.904187371923559908e+02 3.447163143857448517e+02
2.894516978753507033e+02 3.449790332154110502e+02
2.884827253055563006e+02 3.452345294307174299e+02
2.875118625755716835e+02 3.454827463542522423e+02
2.865391526275664660e+02 3.457236226317559726e+02
2.855646390746567818e+02 3.459570949319774513e+02
2.845883655447586307e+02 3.461830947205666007e+02
2.836103788947204407e+02 3.464015619500702314e+02
2.826307257207805606e+02 3.466124301664859217e+02
2.816494536700080857e+02 3.468156316853838348e+02
2.806666103119627564e+02 3.470110915347089531e+02
2.796822467572891355e+02 3.471987452285243307e+02
2.786964195449958765e+02 3.473785513416741537e+02
2.777091971648669073e+02 3.475505326945664706e+02
2.767206474962202378e+02 3.477147131454743771e+02
2.757308395908678449e+02 3.478711292740724161e+02
2.747398401608975860e+02 3.480198097331559666e+02
2.737477144484108180e+02 3.481607791650683339e+02
2.727545268942098460e+02 3.482940620512706573e+02
2.717603418178840116e+02 3.484196881294242871e+02
2.707652218352539535e+02 3.485376803156751748e+02
2.697692281532596894e+02 3.486480549291111402e+02
2.687724226946966724e+02 3.487508404650280909e+02
2.677748655774007602e+02 3.488460551322453966e+02
2.667766159444611844e+02 3.489337120269831303e+02
2.657777334223244452e+02 3.490138356068060830e+02
2.647782759146752483e+02 3.490864358875714970e+02
2.637783013912517163e+02 3.491515287271753323e+02
2.627778672938905515e+02 3.492091288014526071e+02
2.617770301894590830e+02 3.492592412504801018e+02
2.607758469757802686e+02 3.493018834574722860e+02
2.597743734311374055e+02 3.493370535615851509e+02
2.587726658198296263e+02 3.493647675341407535e+02
2.577707795860474675e+02 3.493850205634370241e+02
2.567687704498557082e+02 3.493978227437426654e+02
2.557666937999522077e+02 3.494031707122048260e+02
2.547646050998096143e+02 3.494010638546759537e+02
2.537625597917634650e+02 3.493915031936315359e+02
2.527606135177883573e+02 3.493744776821716869e+02
2.517588219905805715e+02 3.493499845743539254e+02
2.507572411386563545e+02 3.493180164716532090e+02
2.497559272394147740e+02 3.492785621734520305e+02
2.487549371543550762e+02 3.492316047443939624e+02
2.477543278677806313e+02 3.491771330508195206e+02
2.467541570189219726e+02 3.491151302583839993e+02
2.457544828865030979e+02 3.490455769103129455e+02
2.447553644472238545e+02 3.489684513720057453e+02
2.437568614581108761e+02 3.488837297851685548e+02
2.427590345418452955e+02 3.487913860204608909e+02
2.417619452752906568e+02 3.486913916286121662e+02
2.407656562814518395e+02 3.485837157899694034e+02
2.397702315666754771e+02 3.484683232465440597e+02
2.387757364494490275e+02 3.483451762037274193e+02
2.377822369907656821e+02 3.482142392682087007e+02
2.367898011500764142e+02 3.480754707358711357e+02
2.357984996193256109e+02 3.479288187598957620e+02
2.348084024744185001e+02 3.477742448634406855e+02
2.338195846201801089e+02 3.476116883798829917e+02
2.328321201041002553e+02 3.474411038219299144e+02
2.318460877963547375e+02 3.472624268512333856e+02
2.308615674270869818e+02 3.470755988753930410e+02
2.298786414515906245e+02 3.468805566813912833e+02
2.288973955379845222e+02 3.466772311449346944e+02
2.279179182983857856e+02 3.464655497061760343e+02
2.269403014836465218e+02 3.462454362819661924e+02
2.259646401890996685e+02 3.460168111766635093e+02
2.249910330720165632e+02 3.457795909917433619e+02
2.240195825815195292e+02 3.455336885345018345e+02
2.230503964126536403e+02 3.452790082004310648e+02
2.220835859684430602e+02 3.450154531462024465e+02
2.211192669885425062e+02 3.447429235179951661e+02
2.201575616181272892e+02 3.444613101906339239e+02
2.191985975011068319e+02 3.441704994934042361e+02
2.182425069228223435e+02 3.438703768881478595e+02
2.172894298374838513e+02 3.435608182165244102e+02
2.163395128933676688e+02 3.432416943985278976e+02
2.153929098641602877e+02 3.429128713343137065e+02
2.144497821069217309e+02 3.425742098126750079e+02
2.135103020245614118e+02 3.422255575335014441e+02
2.125746467840737921e+02 3.418667677348933012e+02
2.116430079995869562e+02 3.414976747837392281e+02
2.107155838590909980e+02 3.411181165671249573e+02
2.097925866112198889e+02 3.407279171399820825e+02
2.088742403176869118e+02 3.403268945888343637e+02
2.079607816261537039e+02 3.399148610283717176e+02
2.070524605885595406e+02 3.394916226300026665e+02
2.061495454256552762e+02 3.390569717143411026e+02
2.052523162570281841e+02 3.386107023355309593e+02
2.043610772641403912e+02 3.381525878783529038e+02
2.034761450330753974e+02 3.376824071647493497e+02
2.025978595878499391e+02 3.371999252759586625e+02
2.017265852721683643e+02 3.367048957727672587e+02
2.008627057362346591e+02 3.361970727381036568e+02
2.000066333939265064e+02 3.356761974228118106e+02
1.991588059755698907e+02 3.351420079475184366e+02
1.983196928524572513e+02 3.345942328354617530e+02
1.974897931623310399e+02 3.340325981931334240e+02
1.966696399023748540e+02 3.334568256101624115e+02
1.958598052880030309e+02 3.328666293190962620e+02
1.950608966135249318e+02 3.322617269946547935e+02
1.942735620514164339e+02 3.316418365373666575e+02
1.934984965659272120e+02 3.310066741755931616e+02
1.927364391236654058e+02 3.303559639414837079e+02
1.919881767736609106e+02 3.296894384700929095e+02
1.912545467767810692e+02 3.290068427055005031e+02
1.905364390352245039e+02 3.283079376613683849e+02
1.898348016078102205e+02 3.275925016560611311e+02
1.891506285194512316e+02 3.268603490073425633e+02
1.884849795435178521e+02 3.261113175577224297e+02
1.878389648917213322e+02 3.253452903428501486e+02
1.872137426155011042e+02 3.245622032473777381e+02
1.866105257055230311e+02 3.237620450456055892e+02
1.860305704352610690e+02 3.229448724776999597e+02
1.854751742028995807e+02 3.221108165643893244e+02
1.849456591838545307e+02 3.212600974499204085e+02
1.844433642565460900e+02 3.203930311668208901e+02
1.839696445493419219e+02 3.195100313599926380e+02
1.835258281215792522e+02 3.186116323513505222e+02
1.831132193044382745e+02 3.176984824259722586e+02
1.827330724685947700e+02 3.167713510833004307e+02
1.823865676571059851e+02 3.158311307538215260e+02
1.820747886815998697e+02 3.148788335375355132e+02
