1.833947859240178673e+02 3.156595956964519587e+02
1.830154300047035747e+02 3.147328593247314075e+02
1.826485972746020252e+02 3.138011391795674854e+02
1.822946053639108186e+02 3.128644735522155997e+02
1.819537856812356722e+02 3.119228953733610297e+02
1.816320926549780950e+02 3.109745996320198742e+02
1.813259554170099364e+02 3.100212188828041349e+02
1.810345913168338257e+02 3.090632372009614528e+02
1.807583080547864540e+02 3.081007558382519278e+02
1.805027290006421481e+02 3.071325458593365738e+02
1.802655064018942994e+02 3.061597291136693570e+02
1.800447094866416933e+02 3.051830791627574513e+02
1.798406187667137317e+02 3.042027622080603351e+02
1.796582064585746252e+02 3.032181419939534521e+02
1.794968121145696784e+02 3.022299100644419241e+02
1.793532907410014730e+02 3.012389625568976612e+02
1.792279126024781135e+02 3.002455244488650123e+02
1.791241978646727659e+02 2.992495352574826484e+02
1.790444996098840704e+02 2.982513764653149906e+02
1.789839596828916228e+02 2.972519276924839460e+02
1.789428443151798547e+02 2.962514757504930571e+02
1.789222001311094061e+02 2.952503139085051203e+02
1.789292904672322493e+02 2.942489750066361580e+02
1.789567397944626634e+02 2.932480675533436738e+02
1.790048352613435156e+02 2.922479504532752230e+02
1.790738670985358851e+02 2.912489987215879523e+02
1.791694614345266814e+02 2.902521973676988978e+02
1.792897048268867195e+02 2.892581352137310091e+02
1.794318658904799690e+02 2.882670204900513795e+02
1.795962783580109203e+02 2.872793337317866076e+02
1.797832850659919472e+02 2.862955806628634718e+02
1.800011974834533532e+02 2.853182038703700414e+02
1.802424564613624796e+02 2.843464262361156898e+02
1.805064687329339108e+02 2.833806092356438739e+02
1.807929146757308274e+02 2.824211678016570772e+02
1.811015951482320645e+02 2.814685568726388851e+02
1.814385022453315628e+02 2.805255616120948616e+02
1.817962453500522031e+02 2.795903553314944929e+02
1.821744963543752363e+02 2.786632787253972765e+02
1.825729191708614394e+02 2.777446657694978285e+02
1.829911782631326673e+02 2.768348457129166604e+02
1.834330783384862116e+02 2.759362492853747426e+02
1.838949574316250448e+02 2.750478157173299678e+02
1.843751561698976786e+02 2.741691849831329364e+02
1.848733125649559952e+02 2.733006054146790120e+02
1.853890497819780592e+02 2.724423091949695390e+02
1.859227050195196398e+02 2.715949820423106189e+02
1.864765613246335079e+02 2.707607316645391506e+02
1.870463970493048009e+02 2.699373665875193637e+02
1.876317948684927615e+02 2.691250111138911620e+02
1.882323251857893354e+02 2.683237670464357620e+02
1.888475427047879123e+02 2.675337092727341997e+02
1.894775440387905405e+02 2.667553459030003182e+02
1.901237252059364096e+02 2.659903716985189703e+02
1.907827746885464819e+02 2.652364959455175040e+02
1.914542108530133078e+02 2.644936460320684546e+02
1.921375255933416781e+02 2.637617018457311246e+02
1.928321906448294669e+02 2.630404996480821751e+02
1.935376755272203582e+02 2.623298461065876381e+02
1.942548698491641233e+02 2.616310016884514198e+02
1.949820298815070032e+02 2.609425544087684443e+02
1.957181898591680635e+02 2.602637556182206708e+02
1.964630846998630034e+02 2.595945593695715843e+02
1.972164802455144468e+02 2.589349436916920695e+02
1.979781426432927276e+02 2.582848786503962515e+02
1.987478358269766545e+02 2.576443230202208952e+02
1.995260975078420529e+02 2.570141960708804163e+02
2.003123376202229338e+02 2.563940656953026860e+02
2.011057569448272204e+02 2.557831621613805169e+02
2.019061147492703299e+02 2.551813840067948718e+02
2.027131828566862168e+02 2.545886357368619883e+02
2.035267305868580650e+02 2.540048069474587749e+02
2.043465196613897774e+02 2.534297653871577438e+02
2.051723279668157431e+02 2.528633891918227903e+02
2.060042298137874184e+02 2.523059929833734429e+02
2.068420954184404081e+02 2.517576076828913187e+02
2.076852003316919877e+02 2.512173223711305354e+02
2.085333308823168750e+02 2.506849665316823632e+02
2.093862726392262346e+02 2.501603555777466568e+02
2.102438156423130522e+02 2.496432991252391105e+02
2.111057546910111853e+02 2.491336014897626967e+02
2.119718872819839817e+02 2.486310583675566477e+02
2.128420136267651515e+02 2.481354568901391531e+02
2.137159391262069335e+02 2.476465799866365955e+02
2.145935218959493795e+02 2.471642940772014185e+02
2.154747774713024739e+02 2.466887532974313615e+02
2.163592167985563037e+02 2.462191648019830268e+02
2.172466706477362663e+02 2.457553011323651617e+02
2.181370068155049466e+02 2.452969956449039444e+02
2.190301161920443178e+02 2.448441189143694601e+02
2.199258980857899530e+02 2.443965517522769915e+02
2.208242559607257647e+02 2.439541774814154564e+02
2.217250986104057517e+02 2.435168847168891944e+02
2.226283389766508378e+02 2.430845653202958943e+02
2.235338929928821017e+02 2.426571123704736124e+02
2.244416816913207242e+02 2.422344249139489136e+02
2.253516313139601266e+02 2.418164086356679832e+02
2.262636703719951186e+02 2.414029699268634772e+02
2.271777313878785378e+02 2.409940199540888273e+02
2.280937529104988357e+02 2.405894795407233175e+02
2.290116742715690066e+02 2.401892678368071188e+02
2.299314427856741361e+02 2.397933189723903240e+02
2.308530028193325165e+02 2.394015572927161486e+02
2.317763107887491572e+02 2.390139325809610398e+02
2.327013175950054915e+02 2.386303791200593025e+02
2.336279858852641951e+02 2.382508570775480621e+02
2.345562775417542127e+02 2.378753230355763719e+02
2.354861626749438699e+02 2.375037523249801836e+02
2.364175914449572247e+02 2.371360683652644354e+02
2.373505420196799207e+02 2.367722631625235010e+02
2.382849810178946086e+02 2.364122982044434025e+02
2.392208891209612034e+02 2.360561702857167745e+02
2.401582466907693458e+02 2.357038751653501265e+02
2.410970032895988879e+02 2.353553253502364271e+02
2.420371083949320337e+02 2.350104295249211361e+02
2.429785117003567336e+02 2.346690933939807451e+02
2.439211744158208433e+02 2.343312511878760915e+02
2.448650474104118473e+02 2.339968054941506637e+02
2.458100952148008389e+02 2.336656942946298727e+02
2.467562763050424337e+02 2.333378358523513327e+02
2.477035546955709151e+02 2.330131616865236310e+02
2.486518957234905258e+02 2.326916047709828206e+02
2.496012633482775414e+02 2.323730917433965431e+02
2.505516283602161707e+02 2.320575672126129234e+02
2.515029564315419748e+02 2.317449584613667639e+02
2.524552196190984432e+02 2.314352099510437029e+02
2.534083879105851622e+02 2.311282579160142916e+02
2.543624339533599823e+02 2.308240449660972899e+02
2.553173304416984308e+02 2.305225119398598963e+02
2.562730508360659769e+02 2.302236004478138796e+02
2.572295700634049354e+02 2.299272549351186115e+02
2.581868627172224819e+02 2.296334171903565675e+02
2.591449056060592966e+02 2.293420345493474599e+02
2.601036738238284443e+02 2.290530471294982817e+02
2.610631469903198081e+02 2.287664085566260042e+02
2.620233254378877632e+02 2.284821411411241456e+02
2.629842537586553703e+02 2.282004186524340810e+02
2.639460067886500383e+02 2.279215245780373493e+02
2.649086160393000000e+02 2.276456008818042278e+02
2.658721125395574632e+02 2.273727924307964656e+02
2.668365370745821679e+02 2.271032841061071110e+02
2.678019302635818804e+02 2.268372674360171573e+02
2.687683287457386996e+02 2.265749274195811722e+02
2.697357689828165235e+02 2.263164566388843184e+02
2.707042838068504693e+02 2.260620431185795383e+02
2.716739047670671425e+02 2.258118794464442090e+02
2.726446605857330496e+02 2.255661574375178589e+02
2.736165780157014069e+02 2.253250720059750165e+02
2.745896812755132146e+02 2.250888194168098835e+02
2.755639917383350621e+02 2.248575966904598999e+02
2.765395281970267547e+02 2.246316031418963348e+02
2.775163065062618557e+02 2.244110396147074198e+02
2.784943396756575567e+02 2.241961094702321304e+02
2.794736371830035750e+02 2.239870162189108100e+02
2.804542059756667527e+02 2.237839689276806894e+02
2.814360491327051932e+02 2.235871767217361139e+02
2.824191661302224361e+02 2.233968508644985889e+02
2.834035517208005217e+02 2.232131995700956963e+02
2.843891734492590899e+02 2.230363017688230798e+02
2.853759676499627744e+02 2.228660642368423339e+02
2.863638651747538120e+02 2.227023491794980430e+02
2.873528011715525281e+02 2.225450273396029672e+02
2.883427135413895144e+02 2.223939696335336293e+02
2.893335441604762650e+02 2.222490562635309459e+02
2.903252375281014679e+02 2.221101689917653346e+02
2.913177421277352437e+02 2.219772022744643891e+02
2.923110085356988179e+02 2.218500510106034653e+02
2.933049902029325722e+02 2.217286176884840927e+02
2.942996439675203533e+02 2.216128185889629094e+02
2.952949281042480152e+02 2.215025691269084689e+02
2.962908036987759601e+02 2.213977974310576258e+02
2.972872338382897510e+02 2.212984389360483135e+02
2.982841832151407857e+02 2.212044342600154323e+02
2.992816184506204991e+02 2.211157343760093568e+02
3.002795081486106596e+02 2.210323040156496859e+02
3.012778216394897299e+02 2.209541090884152084e+02
3.022765297525974688e+02 2.208811285728071994e+02
3.032756044251155458e+02 2.208133518545202207e+02
3.042750182837471016e+02 2.207507762268893430e+02
3.052747446640238422e+02 2.206934098091435885e+02
3.062747573352149288e+02 2.206412706433871165e+02
3.072750311399023531e+02 2.205944062579175693e+02
3.082755471184116800e+02 2.205530430901829391e+02
3.092762953383391391e+02 2.205177544589483034e+02
3.102772604883680856e+02 2.204892694415504195e+02
3.112784123325950532e+02 2.204682978742586670e+02
3.122797049338430497e+02 2.204555366434358064e+02
3.132810743855573037e+02 2.204523059527906526e+02
3.142824238443563445e+02 2.204589520324785497e+02
3.152836460004692754e+02 2.204759771386787008e+02
3.162846152887494213e+02 2.205040144745562145e+02
3.172851862033778048e+02 2.205436797485009492e+02
3.182851922734898267e+02 2.205955833398497248e+02
3.192844469535779126e+02 2.206603061976761353e+02
3.202827426318169159e+02 2.207384132183066470e+02
3.212798506511298342e+02 2.208304542374947346e+02
3.222755214299035629e+02 2.209369575297687618e+02
3.232694834725761552e+02 2.210584422720078237e+02
3.242614474649010958e+02 2.211953817587690878e+02
3.252508411108119617e+02 2.213498208393793902e+02
3.262374346473725950e+02 2.215211606808815077e+02
3.272209148830197023e+02 2.217094693355385573e+02
3.282008958273431745e+02 2.219151511400519894e+02
3.291769712901926255e+02 2.221385908704407655e+02
3.301487156890854067e+02 2.223801513632571982e+02
3.311156838922115071e+02 2.226401754079840600e+02
3.320774114747199519e+02 2.229189859495427015e+02
3.330334226394169264e+02 2.232168628893987261e+02
3.339832609642521106e+02 2.235339536034780110e+02
3.349258481315598033e+02 2.238720078124675013e+02
3.358613708804144835e+02 2.242290861526934691e+02
3.367897485408464036e+02 2.246042967641118935e+02
3.377107271158322419e+02 2.249972879854868779e+02
3.386240677191898953e+02 2.254077065884491731e+02
3.395295427826056311e+02 2.258352052649681525e+02
3.404269327443892621e+02 2.262794484900937277e+02
3.413160259993505861e+02 2.267401106132079178e+02
3.421966173882344719e+02 2.272168771237579108e+02
3.430671535154075400e+02 2.277117690993192696e+02
3.439285980211706146e+02 2.282222745476798593e+02
3.447808496533012885e+02 2.287479494334252763e+02
3.456237211278665313e+02 2.292885197824204226e+02
3.464570360489957466e+02 2.298437086334200217e+02
3.472806184423382660e+02 2.304132510068626800e+02
3.480942929641555565e+02 2.309968930670133034e+02
3.488975602292173335e+02 2.315948169058663950e+02
3.496888775145944805e+02 2.322084595474376272e+02
3.504696376601795578e+02 2.328354379286686537e+02
3.512396752239199600e+02 2.334755156151695701e+02
3.519988247710293763e+02 2.341284631885486647e+02
3.527469215023980382e+02 2.347940568584791663e+02
3.534838030170823799e+02 2.354720762337122153e+02
3.542085872385972039e+02 2.361630458773520331e+02
3.549198698706447317e+02 2.368678920267742285e+02
3.556192760566916036e+02 2.375844859126315782e+02
3.563066252934595468e+02 2.383126332603723654e+02
3.569816934957514718e+02 2.390521809795101831e+02
3.576442379214235530e+02 2.398029922327246197e+02
3.582938115553403122e+02 2.405650980720335781e+02
3.589270873868085800e+02 2.413407960131049776e+02
3.595468203973989603e+02 2.421273082249316815e+02
3.601527638224015959e+02 2.429244683269854477e+02
3.607446754498046744e+02 2.437321042833785043e+02
3.613223170148785925e+02 2.445500393953865057e+02
3.618839489959708544e+02 2.453790874844639518e+02
3.624278377070948522e+02 2.462198597055346170e+02
3.629564365826092853e+02 2.470702824104863566e+02
3.634695169124304357e+02 2.479301428000808016e+02
3.639668639020865726e+02 2.487992194963509576e+02
3.644481601915786655e+02 2.496773453972955679e+02
3.649080955848044141e+02 2.505668439750405412e+02
3.653513466941456613e+02 2.514647121248521842e+02
3.657777242408474763e+02 2.523706914947900657e+02
3.661870452421372306e+02 2.532845216982979650e+02
3.665791320814450955e+02 2.542059409793652662e+02
3.669479290296143290e+02 2.551369297157147571e+02
3.672986634652710904e+02 2.560748075766117040e+02
3.676314040677973480e+02 2.570191953004263041e+02
3.679460504597035992e+02 2.579697886866862859e+02
3.682419541749739551e+02 2.589264454733541925e+02
3.685138439164123838e+02 2.598901951409120556e+02
3.687676076722115113e+02 2.608588166579397125e+02
3.690032671445870278e+02 2.618319879264766996e+02
3.692208489483057292e+02 2.628093857421872599e+02
3.694198433671216435e+02 2.637907890422981723e+02
3.695957052614068061e+02 2.647765936473864485e+02
3.697536572731866613e+02 2.657653765673270527e+02
3.698936689039948078e+02 2.667568441204187479e+02
3.700157094827814603e+02 2.677506998191970524e+02
3.701197567351350699e+02 2.687466434024225919e+02
3.702016645176719294e+02 2.697446626063202189e+02
3.702647765974551817e+02 2.707440074113030732e+02
3.703100702557019304e+02 2.717442951649061911e+02
3.703375562528817682e+02 2.727452322600655634e+02
3.703472504367834404e+02 2.737465232361345215e+02
3.703386584170889932e+02 2.747478610379707220e+02
3.703084877761835401e+02 2.757487755238812497e+02
3.702607954273560722e+02 2.767489723666436703e+02
3.701956166533445298e+02 2.777481663122954387e+02
3.701129881570440148e+02 2.787460708203294644e+02
3.700129519344637856e+02 2.797423986779759844e+02
3.698955504711706794e+02 2.807368616843325526e+02
3.697577030758238266e+02 2.817287030586383025e+02
3.696021975336885816e+02 2.827179010726215438e+02
3.694296309211192124e+02 2.837042461704402285e+02
3.692400485552466307e+02 2.846874562453229487e+02
3.690334965857219345e+02 2.856672476700981065e+02
3.688100233196021804e+02 2.866433354982718811e+02
3.685696778182438607e+02 2.876154331724460462e+02
3.683100560299843664e+02 2.885825669497744457e+02
3.680332260104160014e+02 2.895448927271509092e+02
3.677397799829577139e+02 2.905022632184316649e+02
3.674297672693472236e+02 2.914543886845522707e+02
3.671032837176418866e+02 2.924009928569583963e+02
3.667604718019491088e+02 2.933418154712218211e+02
3.664015002978595135e+02 2.942766076423709478e+02
3.660265422809952156e+02 2.952051252390417062e+02
3.656340803269490038e+02 2.961263878676198829e+02
3.652254767001992377e+02 2.970405880264976872e+02
3.648015147634652635e+02 2.979477503496061672e+02
3.643623622416003514e+02 2.988476467567911641e+02
3.639081820596113062e+02 2.997400488399393339e+02
3.634391382337282721e+02 3.006247307109406961e+02
3.629553997461527501e+02 3.015014709797313230e+02
3.624571369942547676e+02 3.023700508979643473e+02
3.619445069537046606e+02 3.032302458758508692e+02
3.614173063367864529e+02 3.040816040412017855e+02
3.608748533184526082e+02 3.049233211957924254e+02
3.603186320494928054e+02 3.057559861055159445e+02
3.597488087811365745e+02 3.065793891903987287e+02
3.591655544257794190e+02 3.073933249764834272e+02
3.585690423569404288e+02 3.081975907248992144e+02
3.579594434512539465e+02 3.089919826359775925e+02
3.573369328821347040e+02 3.097763010368261689e+02
3.567016892166479920e+02 3.105503494925834502e+02
3.560538864517138791e+02 3.113139287154283465e+02
3.553937143568855390e+02 3.120668531780168564e+02
3.547213550579953107e+02 3.128089318212208241e+02
3.540360133864352292e+02 3.135390400388241119e+02
3.533388399545002585e+02 3.142578434456882519e+02
3.526304003198559371e+02 3.149655326343809065e+02
3.519111664644743769e+02 3.156622405977307153e+02
3.511815956679194528e+02 3.163481121737949593e+02
3.504421495470726882e+02 3.170233245163872198e+02
3.496932792625241291e+02 3.176880710072032343e+02
3.489354263585069020e+02 3.183425622360502985e+02
3.481690312172762560e+02 3.189870352791482446e+02
3.473945266128164349e+02 3.196217461908016730e+02
3.466123327052146692e+02 3.202469637869015173e+02
3.458228698335928470e+02 3.208629846454731478e+02
3.450265414744146710e+02 3.214701115665341149e+02
3.442237550251654739e+02 3.220686795962516271e+02
3.434146063183368938e+02 3.226586199207135905e+02
3.425997670627325533e+02 3.232406709176387380e+02
3.417796940242477035e+02 3.238153209414099933e+02
3.409547479268449592e+02 3.243829513030412954e+02
3.401252916622981957e+02 3.249439698922389539e+02
3.392916735644686810e+02 3.254987857029160523e+02
3.384542436010502797e+02 3.260478318385336252e+02
3.376133396711791761e+02 3.265915435084932597e+02
3.367692943729917943e+02 3.271303670022298888e+02
3.359224392023284054e+02 3.276647648194568205e+02
3.350730976189875605e+02 3.281952032875305463e+02
3.342215880023048840e+02 3.287221556074322280e+02
3.333681482736187149e+02 3.292459767614251973e+02
3.325128044534737910e+02 3.297666825313069126e+02
3.316554163957650871e+02 3.302840147066727354e+02
3.307958230564050837e+02 3.307976736287309905e+02
3.299338637953883904e+02 3.313073515651144021e+02
3.290693677562699122e+02 3.318127138812490102e+02
3.282021660436421371e+02 3.323134180554545765e+02
3.273320867269054588e+02 3.328091037775492964e+02
3.264589594144205194e+02 3.332993994684832728e+02
3.255826144689937678e+02 3.337839191650408566e+02
3.247028850106454456e+02 3.342622647524988224e+02
3.238196079721769252e+02 3.347340258335357817e+02
3.229326240154505285e+02 3.351987781915660776e+02
3.220417832772024553e+02 3.356560925666839239e+02
3.211469393452122745e+02 3.361055214762068886e+02
3.202479565970693898e+02 3.365466115865058896e+02
3.193447069133791274e+02 3.369788950465718926e+02
3.184370759520518277e+02 3.374019007868812992e+02
3.175249570665123997e+02 3.378151392061855063e+02
3.166082612142689072e+02 3.382181220966098749e+02
3.156869105906336017e+02 3.386103461029055666e+02
3.147608453607938941e+02 3.389913065623793500e+02
3.138300178304550627e+02 3.393604809925082577e+02
3.128944115528916541e+02 3.397173758524165237e+02
3.119541822508347195e+02 3.400619157389339762e+02
3.110096466682348364e+02 3.403944769499002518e+02
3.100610694910261032e+02 3.407153285717471931e+02
3.091089485724016868e+02 3.410254999563179013e+02
3.081535889314978363e+02 3.413255434250748976e+02
3.071952892708366676e+02 3.416160577070064051e+02
3.062343184917293115e+02 3.418976100690141493e+02
3.052709343031320941e+02 3.421707914452699129e+02
3.043053730596162723e+02 3.424361776433747764e+02
3.033378603194569223e+02 3.426943623335557731e+02
3.023686030556582409e+02 3.429459224098587242e+02
3.013978005896233867e+02 3.431914566255624663e+02
3.004256375331594313e+02 3.434315515316429810e+02
2.994522894862760722e+02 3.436668007399808289e+02
2.984779005404376448e+02 3.438977034564890687e+02
2.975026188152913278e+02 3.441248066099205971e+02
2.965266645791428459e+02 3.443490020240208764e+02
2.955501847985944437e+02 3.445708978198861701e+02
2.945733296428745689e+02 3.447911360295509553e+02
2.935962511028693598e+02 3.450103816428408550e+02
2.926190953299138187e+02 3.452292830110243926e+02
2.916420053822931777e+02 3.454484779597213446e+02
2.906649795484312335e+02 3.456679585509320418e+02
2.896878892918325619e+02 3.458871520923361231e+02
2.887106585564858392e+02 3.461057182760342243e+02
2.877332073404240873e+02 3.463232959458339906e+02
2.867554529086716002e+02 3.465395065524080565e+02
2.857773173592481157e+02 3.467539861304006195e+02
2.847987237841648493e+02 3.469663662429933311e+02
2.838195522479856550e+02 3.471760650370408712e+02
2.828397590508820940e+02 3.473828382368092207e+02
2.818592975405307470e+02 3.475864169402053108e+02
2.808781112374472855e+02 3.477864715055271176e+02
2.798961490128518790e+02 3.479826809363742086e+02
2.789133626796195244e+02 3.481747197408870420e+02
2.779297102463888223e+02 3.483622730339401414e+02
2.769451468448711466e+02 3.485449863332436848e+02
2.759595629213099528e+02 3.487221107441570780e+02
2.749730120626869052e+02 3.488937614931644475e+02
2.739854735242876700e+02 3.490596296745044356e+02
2.729969295528654811e+02 3.492193915404064342e+02
2.720073702465579117e+02 3.493727353114171024e+02
2.710167953458534384e+02 3.495193739723520139e+02
2.700252355183301347e+02 3.496592009002705481e+02
2.690327460238722210e+02 3.497922749594808352e+02
2.680393821240804755e+02 3.499186643887746868e+02
2.670451972799985469e+02 3.500384350520665748e+02
2.660501950894270635e+02 3.501512150376507861e+02
2.650544809010792733e+02 3.502575164604151610e+02
2.640581042229103446e+02 3.503574098593095414e+02
2.630611095346067714e+02 3.504509279170136438e+02
2.620635417960691598e+02 3.505381166314365942e+02
2.610654451916860808e+02 3.506190236644896459e+02
2.600668612728573521e+02 3.506936734636852293e+02
2.590678305806256958e+02 3.507620847123802719e+02
2.580683943961494151e+02 3.508242929818018752e+02
2.570685913670930631e+02 3.508802983347557642e+02
2.560684601997645018e+02 3.509301052250523298e+02
2.550680397172021401e+02 3.509737210861949848e+02
2.540673682683767538e+02 3.510111458793958832e+02
2.530664832599750014e+02 3.510423482023093129e+02
2.520654229716663508e+02 3.510673124276872272e+02
2.510642260170215536e+02 3.510860225976560400e+02
2.500629308876825689e+02 3.510984277485684970e+02
2.490615770522501009e+02 3.511044891410752484e+02
2.480602047668137686e+02 3.511041493402598803e+02
2.470588554116470164e+02 3.510973454354850674e+02
2.460575721721947957e+02 3.510839735669726451e+02
2.450563998936993926e+02 3.510639475057723189e+02
2.440553852504274346e+02 3.510371786377240824e+02
2.430545780273315302e+02 3.510035406554320048e+02
2.420540297746675265e+02 3.509629276900485024e+02
2.410537949502372328e+02 3.509152209766716055e+02
2.400539304164298642e+02 3.508603047082146986e+02
2.390544978519627932e+02 3.507980277700971783e+02
2.380555609958501861e+02 3.507282576159968812e+02
2.370571867581871004e+02 3.506508608760599373e+02
2.360594479599921272e+02 3.505656725877316262e+02
2.350624197872888317e+02 3.504725442214804048e+02
2.340661822499419031e+02 3.503713168942556990e+02
2.330708189029436710e+02 3.502618356724122464e+02
2.320764200799787602e+02 3.501439234434562309e+02
2.310830805691822718e+02 3.500174041852469600e+02
2.300908978606108519e+02 3.498821174442160782e+02
2.290999776531246823e+02 3.497378786959553736e+02
2.281104312658250990e+02 3.495844995069931542e+02
2.271223727752429227e+02 3.494218096403027971e+02
2.261359235456068859e+02 3.492496263807666423e+02
2.251512115640864806e+02 3.490677621520953267e+02
2.241683796198492189e+02 3.488759851480408543e+02
2.231876110874042638e+02 3.486739007606433915e+02
2.222092572728005848e+02 3.484604176708236878e+02
2.212336420413302562e+02 3.482347642929502740e+02
2.202609345868814898e+02 3.479969199966054703e+02
2.192914343499551535e+02 3.477463531468027327e+02
2.183254558896741457e+02 3.474825620115585707e+02
2.173633374487439198e+02 3.472050443724450020e+02
2.164054316152959245e+02 3.469133309913607377e+02
2.154521017142919845e+02 3.466069956913183319e+02
2.145037314607289147e+02 3.462856232392985589e+02
2.135607282796605091e+02 3.459487985236751797e+02
2.126234961537556671e+02 3.455961859803721268e+02
2.116931663345377501e+02 3.452257299861398678e+02
2.107698727390009026e+02 3.448381136199245702e+02
2.098538806491106925e+02 3.444335947262571835e+02
2.089456706961054238e+02 3.440119307771240074e+02
2.080457321812077396e+02 3.435729115967000098e+02
2.071545691368458506e+02 3.431163449205591292e+02
2.062726946872689950e+02 3.426420656812346124e+02
2.054006231348035385e+02 3.421499493600693995e+02
2.045390926009071677e+02 3.416395413317695784e+02
2.036902102844414344e+02 3.411083728320902537e+02
2.028530202510258960e+02 3.405590305134527398e+02
2.020280739995570229e+02 3.399915170461422349e+02
2.012159262963531319e+02 3.394058602255609003e+02
2.004171212431671734e+02 3.388021290942405699e+02
1.996320767484222074e+02 3.381805703087521806e+02
1.988609569457282475e+02 3.375417510049942393e+02
1.981056620840543872e+02 3.368842702918796590e+02
1.973653089465687458e+02 3.362100561582922182e+02
1.966389289225227515e+02 3.355208544358477525e+02
1.959264715626597706e+02 3.348172842854094142e+02
1.952278729024032771e+02 3.340999394769536366e+02
1.945430587685948183e+02 3.333693873376217311e+02
1.938723837073803793e+02 3.326257838287182835e+02
1.932182837310799073e+02 3.318675677691638271e+02
1.925778019049205341e+02 3.310978611121806239e+02
1.919508486024553804e+02 3.303171153173726111e+02
1.913373302693357232e+02 3.295257620788437976e+02
1.907371470701107512e+02 3.287242160336185179e+02
1.901515160167419651e+02 3.279119429973069373e+02
1.895815731849261567e+02 3.270886051757118480e+02
1.890247581513713442e+02 3.262563682310769764e+02
1.884809652808529279e+02 3.254155719783383347e+02
1.879500831162694965e+02 3.245665444246362767e+02
1.874326136438909884e+02 3.237092366844723870e+02
1.869316065286563742e+02 3.228422133985468463e+02
1.864433231107455242e+02 3.219679992725103261e+02
1.859676453757072068e+02 3.210868702750777288e+02
1.855044572958635456e+02 3.201990891277652054e+02
1.850555522400896109e+02 3.193039715561081948e+02
1.846219980839437085e+02 3.184013389181857860e+02
1.842007662060549649e+02 3.174929186634717553e+02
1.837917364835222429e+02 3.165789332130897265e+02
