1.984220779220779036e+02 3.189025974025972801e+02
1.980542724625332198e+02 3.179701514713808592e+02
1.977060372490654458e+02 3.170302210310636042e+02
1.973773041396972303e+02 3.160832931982838545e+02
1.970679827042276031e+02 3.151298474210378799e+02
1.967779617933914835e+02 3.141703541572441623e+02
1.965071111438076628e+02 3.132052737218729135e+02
1.962552829987773180e+02 3.122350552995111457e+02
1.960223137267920777e+02 3.112601361171251142e+02
1.958080254215462901e+02 3.102809407700307816e+02
1.956122290549382683e+02 3.092978803922869133e+02
1.954347278272246058e+02 3.083113521041897229e+02
1.952753054258348300e+02 3.073217410590316945e+02
1.951337420490548027e+02 3.063294174230592262e+02
1.950098218318197212e+02 3.053347360738393945e+02
1.949033061155117821e+02 3.043380403494675761e+02
1.948139654608837077e+02 3.033396581662768767e+02
1.947415577868158607e+02 3.023399048809712326e+02
1.946858515385363546e+02 3.013390817034381257e+02
1.946465977984220785e+02 3.003374779750176344e+02
1.946235574736824674e+02 2.993353698230928899e+02
1.946164935630360731e+02 2.983330213843706815e+02
1.946251658154559436e+02 2.973306852647205574e+02
1.946493345654805012e+02 2.963286027526602879e+02
1.946887645330918701e+02 2.953270043534512297e+02
1.947432235901333115e+02 2.943261103203492439e+02
1.948124857714417999e+02 2.933261313624090008e+02
1.948963209910704109e+02 2.923272683693915610e+02
1.949945057113302767e+02 2.913297134232544181e+02
1.951068254534501989e+02 2.903336507372104052e+02
1.952330672808479903e+02 2.893392564357881156e+02
1.953730174084845430e+02 2.883466984184933608e+02
1.955264774818726323e+02 2.873561390468502168e+02
1.956932438130706657e+02 2.863677326436167050e+02
1.958731196496520113e+02 2.853816275239032620e+02
1.960659225951133351e+02 2.843979680268222410e+02
1.962714624713996727e+02 2.834168907443976195e+02
1.964895591758796627e+02 2.824385281326121913e+02
1.967200383733212163e+02 2.814630081638428010e+02
1.969627303931052893e+02 2.804904544440187237e+02
1.972174702270346529e+02 2.795209865291387814e+02
1.974840975134583516e+02 2.785547202300048184e+02
1.977624565091856539e+02 2.775917679052913627e+02
1.980523960505460934e+02 2.766322387431376910e+02
1.983537702589481171e+02 2.756762392741791245e+02
1.986664426216995878e+02 2.747238750671562570e+02
1.989902700362983694e+02 2.737752457673967115e+02
1.993251190338521894e+02 2.728304504981028913e+02
1.996708704009078019e+02 2.718895901953343923e+02
2.000273903272173470e+02 2.709527573426750564e+02
2.003945656420496846e+02 2.700200490875733976e+02
2.007722760818036534e+02 2.690915571066939265e+02
2.011604145634503595e+02 2.681673757515687271e+02
2.015588662601006149e+02 2.672475936919062178e+02
2.019675369849300068e+02 2.663323062296923922e+02
2.023863171985461520e+02 2.654215998549319693e+02
2.028151108157929059e+02 2.645155650196195438e+02
2.032538307305137550e+02 2.636142948010430018e+02
2.037023799292470869e+02 2.627178759110115607e+02
2.041606715722124932e+02 2.618263984581346335e+02
2.046286217747924354e+02 2.609399527608460971e+02
2.051061525471811251e+02 2.600586311467293967e+02
2.055931829695772706e+02 2.591825233828533896e+02
2.060896364867873558e+02 2.583117206674949102e+02
2.065954400728784321e+02 2.574463154341814857e+02
2.071105231504451751e+02 2.565864009439158053e+02
2.076348174865391343e+02 2.557320713966531969e+02
2.081682570875179294e+02 2.548834220392220686e+02
2.087107780927556462e+02 2.540405492698127716e+02
2.092623186671397093e+02 2.532035507391390183e+02
2.098228188922656727e+02 2.523725254483566118e+02
2.103922206562290853e+02 2.515475738438036046e+02
2.109704675419015132e+02 2.507287979086044061e+02
2.115575047135691591e+02 2.499163012511596378e+02
2.121532788018023439e+02 2.491101891905197192e+02
2.127577377864175219e+02 2.483105688386190764e+02
2.133708308773875046e+02 2.475175491793223443e+02
2.139925083935505086e+02 2.467312411442118787e+02
2.146227216389648333e+02 2.459517576850192313e+02
2.152614227767556088e+02 2.451792138425793723e+02
2.159085647002969210e+02 2.444137268121582736e+02
2.165641009015774330e+02 2.436554160049810775e+02
2.172279853365964755e+02 2.429044031057563870e+02
2.179001722876461997e+02 2.421608121259681923e+02
2.185806162223387332e+02 2.414247694526758323e+02
2.192692730840304023e+02 2.406964052645752190e+02
2.199660959849769597e+02 2.399758496600167916e+02
2.206710388697095482e+02 2.392632362097417342e+02
2.213840554556861093e+02 2.385587011774265136e+02
2.221050988889278699e+02 2.378623833678184667e+02
2.228341215812670271e+02 2.371744241415761678e+02
2.235710750437436616e+02 2.364949674229868890e+02
2.243159097161532998e+02 2.358241597000672698e+02
2.250685747927762463e+02 2.351621500165231566e+02
2.258290180443565021e+02 2.345090899550214942e+02
2.265971856364345172e+02 2.338651336111971943e+02
2.273730219441824545e+02 2.332304375577985525e+02
2.281564693639343488e+02 2.326051607983518466e+02
2.289474681216567831e+02 2.319894647097081304e+02
2.297459560786579971e+02 2.313835129728208244e+02
2.305518685348926624e+02 2.307874714910917930e+02
2.313651380302833047e+02 2.302015082956187371e+02
2.321856941445442715e+02 2.296257934366736890e+02
2.330134632960654812e+02 2.290604988607513803e+02
2.338483685404880816e+02 2.285057982725341787e+02
2.346903293696795174e+02 2.279618669811437144e+02
2.355392615118974220e+02 2.274288817300741243e+02
2.363950767340122923e+02 2.269070205102402440e+02
2.372576826467445699e+02 2.263964623556200024e+02
2.381269825139543741e+02 2.258973871210272648e+02
2.390028750671081070e+02 2.254099752416195770e+02
2.398852543261290862e+02 2.249344074738247059e+02
2.407740094279201060e+02 2.244708646174624960e+02
2.416690244639234209e+02 2.240195272189431250e+02
2.425701783281567430e+02 2.235805752555404240e+02
2.434773445772281661e+02 2.231541878008694368e+02
2.443903913038922155e+02 2.227405426718434285e+02
2.453091802252505431e+02 2.223398141927249014e+02
2.462335317298901316e+02 2.219520888888720265e+02
2.471632155413957435e+02 2.215773290448965440e+02
2.480980012947792090e+02 2.212154826150035660e+02
2.490376626787476937e+02 2.208664925879460270e+02
2.499819775918715834e+02 2.205302973906403565e+02
2.509307282718666272e+02 2.202068312839512032e+02
2.518837013994101710e+02 2.198960247492529447e+02
2.528406881779598336e+02 2.195978048645702074e+02
2.538014843910694935e+02 2.193120956692859522e+02
2.547658905619962866e+02 2.190388189625676603e+02
2.557337124956390824e+02 2.187778967582858627e+02
2.567047589779408554e+02 2.185292430741388330e+02
2.576788442717513021e+02 2.182927731883247020e+02
2.586557872211308222e+02 2.180684009660219260e+02
2.596354112048720140e+02 2.178560391435844679e+02
2.606175442452379230e+02 2.176556004464884495e+02
2.616020195428223474e+02 2.174670013994619353e+02
2.625886724811365980e+02 2.172901472714067665e+02
2.635773438661363457e+02 2.171249488295625554e+02
2.645678789041390928e+02 2.169713186703059478e+02
2.655601272486001676e+02 2.168291732808541497e+02
2.665539407135579495e+02 2.166984175467734417e+02
2.675491760551109905e+02 2.165789641446123710e+02
2.685456946060205041e+02 2.164707353760420290e+02
2.695433591430586375e+02 2.163736358720289275e+02
2.705420373371955520e+02 2.162875841087167146e+02
2.715416000998136496e+02 2.162125009194954259e+02
2.725419206228415305e+02 2.161482963840127240e+02
2.735428763243800745e+02 2.160948996080932147e+02
2.745443464548584416e+02 2.160522235757703129e+02
2.755462137213657456e+02 2.160201954901400825e+02
2.765483631852360986e+02 2.159987385776606175e+02
2.775506824719831229e+02 2.159877780903279643e+02
2.785530616025505424e+02 2.159872450499212277e+02
2.795553928273893121e+02 2.159970656069107804e+02
2.805575704511263098e+02 2.160171765146751568e+02
2.815594909048330123e+02 2.160475071827680438e+02
2.825610522377638176e+02 2.160879984314021272e+02
2.835621545088523590e+02 2.161385848001638124e+02
2.845626990715383045e+02 2.161992099218498140e+02
2.855625889916599363e+02 2.162698148491377310e+02
2.865617285471486184e+02 2.163503451921821181e+02
2.875600231598687060e+02 2.164407494151679714e+02
2.885573796758408776e+02 2.165409746957396351e+02
2.895537052287545521e+02 2.166509773272308621e+02
2.905489088624389069e+02 2.167707060752028951e+02
2.915428988201759921e+02 2.169001250027562833e+02
2.925355859223486732e+02 2.170391849183130262e+02
2.935268789959870332e+02 2.171878571213466671e+02
2.945166901284617893e+02 2.173460953566856233e+02
2.955049283151422514e+02 2.175138771545254315e+02
2.964915062745494083e+02 2.176911605326845063e+02
2.974763328996345990e+02 2.178779277742491729e+02
2.984593207389208374e+02 2.180741429548230599e+02
2.994403784918107476e+02 2.182797911584409292e+02
3.004194175297405422e+02 2.184948447577080799e+02
3.013963464834141632e+02 2.187192892073720429e+02
3.023710742913727358e+02 2.189531078781208464e+02
3.033435098948504560e+02 2.191962836802898096e+02
3.043135582494259097e+02 2.194488141543813242e+02
3.052811275204626327e+02 2.197106826452719019e+02
3.062461220707429561e+02 2.199818853516244701e+02
3.072084439627362826e+02 2.202624239785138798e+02
3.081679968818102680e+02 2.205522920028317060e+02
3.091246811044628089e+02 2.208514918291727440e+02
3.100783944109563777e+02 2.211600305248858263e+02
3.110290332160129765e+02 2.214779156962681554e+02
3.119764929471510868e+02 2.218051542692988392e+02
3.129206658128600225e+02 2.221417586938499937e+02
3.138614416013463142e+02 2.224877439076066707e+02
3.147987075140702586e+02 2.228431273190233526e+02
3.157323479948796603e+02 2.232079287873692977e+02
3.166622445545266373e+02 2.235821705995221862e+02
3.175882755903654129e+02 2.239658774431324275e+02
3.185103162010389610e+02 2.243590763757436832e+02
3.194282379959756781e+02 2.247617967894154276e+02
3.203419088995365200e+02 2.251740703703491420e+02
3.212511912279460944e+02 2.255959347139045974e+02
3.221559448633340708e+02 2.260274257870977692e+02
3.230560264452649335e+02 2.264685795591055353e+02
3.239512842446146692e+02 2.269194418371828306e+02
3.248415643139180702e+02 2.273800550239538438e+02
3.257267071496098083e+02 2.278504644756158655e+02
3.266065467949316030e+02 2.283307194807724159e+02
3.274809114253884559e+02 2.288208714038295852e+02
3.283496258393092830e+02 2.293209688214634241e+02
3.292125046515101872e+02 2.298310688807824249e+02
3.300693566042357929e+02 2.303512288058326476e+02
3.309199860329047738e+02 2.308815031304958438e+02
3.317641879680589341e+02 2.314219511333341472e+02
3.326017499475075283e+02 2.319726330186426537e+02
3.334324517154653336e+02 2.325336096931654026e+02
3.342560649196506688e+02 2.331049425193353670e+02
3.350723486465050200e+02 2.336866988052159115e+02
3.358810597863147791e+02 2.342789363618006462e+02
3.366819437511003343e+02 2.348817161609258335e+02
3.374747280883211715e+02 2.354951092877899725e+02
3.382591442606625378e+02 2.361191676859967572e+02
3.390348997776646911e+02 2.367539593683548276e+02
3.398016993767246277e+02 2.373995404122804302e+02
3.405592349618826233e+02 2.380559669103250826e+02
3.413071852879246535e+02 2.387232941249999953e+02
3.420452176028757094e+02 2.394015735350249656e+02
3.427729874478478678e+02 2.400908521554942467e+02
3.434901384953150227e+02 2.407911718061545230e+02
3.441963024325136757e+02 2.415025683265876353e+02
3.448910933387062983e+02 2.422250759994394400e+02
3.455741187044483240e+02 2.429587157225297460e+02
3.462449708207923322e+02 2.437035025808773128e+02
3.469032291988345378e+02 2.444594424387622666e+02
3.475484567020078543e+02 2.452265341393399183e+02
3.481802121234063634e+02 2.460047579344015389e+02
3.487980366129930303e+02 2.467940861784240951e+02
3.494014604256708481e+02 2.475944766058086657e+02
3.499900036525332325e+02 2.484058710320317118e+02
3.505631771069487286e+02 2.492281940308015464e+02
3.511204833766752245e+02 2.500613515994591580e+02
3.516614133132857773e+02 2.509052327999324348e+02
3.521854537710727300e+02 2.517597040064954967e+02
3.526920953413526263e+02 2.526246043430141128e+02
3.531808050894943563e+02 2.534997613729360069e+02
3.536510762834579964e+02 2.543849623509274807e+02
3.541023815705186166e+02 2.552799808461010969e+02
3.545342089414575639e+02 2.561845572138986427e+02
3.549460548262279076e+02 2.570984034984463165e+02
3.553374213609902768e+02 2.580212053281562135e+02
3.557078182635053736e+02 2.589526214483421995e+02
3.560567839012628610e+02 2.598922765143040579e+02
3.563838719421787573e+02 2.608397684524783813e+02
3.566887617517114109e+02 2.617946348771942553e+02
3.569714471991619575e+02 2.627563092176563373e+02
3.572320068394153623e+02 2.637242132902638900e+02
3.574705513669295556e+02 2.646977774625787561e+02
3.576872237760865687e+02 2.656764422509249357e+02
3.578822034621107946e+02 2.666596592327945245e+02
3.580556933374601272e+02 2.676468953246956630e+02
3.582079188757663246e+02 2.686376336589087828e+02
3.583391221189984321e+02 2.696313750235749467e+02
3.584495828361414169e+02 2.706276359100064042e+02
3.585395768141567601e+02 2.716259542848573005e+02
3.586094121076930037e+02 2.726258856218794335e+02
3.586593922434093429e+02 2.736270063747006702e+02
3.586898488208552749e+02 2.746289116950517837e+02
3.587011082370701729e+02 2.756312171691134836e+02
3.586935025412968798e+02 2.766335575602104200e+02
3.586673779794704160e+02 2.776355868031401997e+02
3.586230773109330130e+02 2.786369776094098256e+02
3.585609451543585919e+02 2.796374208547517810e+02
3.584813263517039559e+02 2.806366250069359012e+02
3.583845573251018664e+02 2.816343147086834051e+02
3.582709864956859747e+02 2.826302321070028256e+02
3.581409518292683742e+02 2.836241343479082957e+02
3.579947773426150093e+02 2.846157918004255407e+02
3.578328008818888861e+02 2.856049914054140686e+02
3.576553410242074165e+02 2.865915313225695513e+02
3.574627112061931484e+02 2.875752220560765977e+02
3.572552263279652607e+02 2.885558873244588085e+02
3.570331889076452399e+02 2.895333607831689733e+02
3.567968951639060720e+02 2.905074864727112072e+02
3.565466347513527126e+02 2.914781181804765993e+02
3.562826905511305426e+02 2.924451188209600332e+02
3.560053320862926398e+02 2.934083579373052544e+02
3.557148307297404699e+02 2.943677153991407636e+02
3.554114485067080977e+02 2.953230778981957769e+02
3.550954292966486605e+02 2.962743352701266986e+02
3.547670258845486728e+02 2.972213887732686999e+02
3.544264722139032529e+02 2.981641415347185102e+02
3.540739951951416060e+02 2.991025017535239954e+02
3.537098218445948987e+02 3.000363850745283116e+02
3.533341668914922025e+02 3.009657095528121431e+02
3.529472386007136038e+02 3.018903973152214348e+02
3.525492388684669436e+02 3.028103742080873531e+02
3.521403633291668598e+02 3.037255694635078385e+02
3.517208014717690503e+02 3.046359153835189773e+02
3.512907367639826361e+02 3.055413470414464427e+02
3.508503409663989601e+02 3.064417991129400889e+02
3.503997891970172986e+02 3.073372128155403971e+02
3.499392486122100081e+02 3.082275302937168817e+02
3.494688699821725777e+02 3.091126895974695117e+02
3.489888178757116179e+02 3.099926402891802013e+02
3.484992302816444862e+02 3.108673216129107573e+02
3.480002593543334228e+02 3.117366843657715663e+02
3.474920406227387844e+02 3.126006736516836781e+02
3.469747052085120345e+02 3.134592352279163379e+02
3.464483865270483989e+02 3.143123194437245047e+02
3.459132087678854077e+02 3.151598741270449295e+02
3.453692920353017826e+02 3.160018473504347867e+02
3.448167523342836489e+02 3.168381871962379819e+02
3.442557011150420294e+02 3.176688412151305556e+02
3.436862488378564535e+02 3.184937586444233943e+02
3.431085004997935926e+02 3.193128872128687021e+02
3.425225576517232184e+02 3.201261742632366918e+02
3.419285167642730130e+02 3.209335653370970931e+02
3.413264739347129648e+02 3.217350074145643362e+02
3.407165212135661250e+02 3.225304460953142325e+02
3.400987476241680838e+02 3.233198261407350742e+02
3.394732393416666127e+02 3.241030914275170289e+02
3.388400798085799011e+02 3.248801848597095727e+02
3.381993448144885406e+02 3.256510440566536317e+02
3.375511172759820511e+02 3.264156134087983787e+02
3.368954732068729641e+02 3.271738324581127131e+02
3.362324826394117849e+02 3.279256361645578295e+02
3.355622177961435000e+02 3.286709618276634615e+02
3.348847507796843956e+02 3.294097471592508555e+02
3.342001434433120721e+02 3.301419207242379343e+02
3.335084653785413025e+02 3.308674183266095383e+02
3.328097796271605944e+02 3.315861697054386354e+02
3.321041455169750520e+02 3.322981007475656838e+02
3.313916288211842698e+02 3.330031434847194873e+02
3.306722813049993306e+02 3.337012154233809156e+02
3.299461688172990534e+02 3.343922479145944067e+02
3.292133408588522911e+02 3.350761546343634336e+02
3.284738595087731028e+02 3.357528617418417980e+02
3.277277736550183249e+02 3.364222801718463529e+02
3.269751424981010359e+02 3.370843310975776035e+02
3.262160139226328965e+02 3.377389216879450373e+02
3.254504455982433910e+02 3.383859689185541129e+02
3.246784840941256221e+02 3.390253751680266987e+02
3.239001865863087914e+02 3.396570537565083896e+02
3.231155983340001399e+02 3.402809015354772555e+02
3.223247767786447184e+02 3.408968284542633569e+02
3.215277661653021823e+02 3.415047254031806574e+02
3.207246247132586632e+02 3.421044989776970624e+02
3.199153962125476482e+02 3.426960339911859137e+02
3.191001399104901566e+02 3.432792333589025020e+02
3.182789000785708708e+02 3.438539762353192373e+02
3.174517370430404526e+02 3.444201612215106820e+02
3.166186963708449298e+02 3.449776621170058206e+02
3.157798396512529280e+02 3.455263726871738186e+02
3.149352148901936062e+02 3.460661622502705654e+02
3.140848847269740531e+02 3.465969185344377479e+02
3.132289009913310451e+02 3.471185077677307618e+02
3.123673270892597884e+02 3.476308101593165247e+02
3.115002201202227639e+02 3.481336905532808146e+02
3.106276439766992326e+02 3.486270199486727392e+02
3.097496625276805844e+02 3.491106638749728290e+02
3.088663398636691682e+02 3.495844821604976005e+02
3.079777477245200430e+02 3.500483426472843576e+02
3.070839514223910669e+02 3.505020942711142879e+02
3.061850283217240190e+02 3.509456023464805412e+02
3.052810526267119826e+02 3.513787188796680425e+02
3.043721009815479306e+02 3.518012927646435628e+02
3.034582578513959561e+02 3.522131814730686870e+02
3.025396054693927113e+02 3.526142290907459937e+02
3.016162317180202876e+02 3.530042830268423586e+02
3.006882298424772557e+02 3.533831939119820618e+02
2.997556932485268817e+02 3.537508027382053797e+02
2.988187200663068097e+02 3.541069512450602019e+02
2.978774150723042453e+02 3.544514873979653089e+02
2.969318850192964305e+02 3.547842530569991482e+02
2.959822383812153817e+02 3.551050818179811017e+02
2.950285932856398858e+02 3.554138221151389416e+02
2.940710748717641536e+02 3.557103316635223109e+02
2.931098469823938899e+02 3.559945861134315805e+02
2.921450864455939609e+02 3.562666098715909584e+02
2.911769718351993674e+02 3.565264445105638060e+02
2.902056769766095385e+02 3.567741265673579392e+02
2.892313731514676647e+02 3.570096947421055802e+02
2.882542279900466156e+02 3.572331848324222960e+02
2.872744084355161931e+02 3.574446422817726443e+02
2.862920784416169226e+02 3.576441129103518506e+02
2.853073989049847228e+02 3.578316419140049334e+02
2.843205281111074214e+02 3.580072754793457079e+02
2.833316208675615258e+02 3.581710549743607999e+02
2.823408315016408778e+02 3.583230345473206171e+02
2.813483107057590473e+02 3.584632627680959445e+02
2.803542067163307365e+02 3.585917886131093155e+02
2.793586653654051588e+02 3.587086613039196550e+02
2.783618295972332248e+02 3.588139247178833671e+02
2.773638412853855471e+02 3.589076335558780215e+02
2.763648394292500257e+02 3.589898370189551997e+02
2.753649608742934447e+02 3.590605838404000565e+02
2.743643404063510616e+02 3.591199222960748330e+02
2.733631107419636237e+02 3.591678978835535077e+02
2.723614028663703834e+02 3.592045572864956284e+02
2.713593460390731025e+02 3.592299494248343876e+02
2.703570676693325368e+02 3.592441196097391867e+02
2.693546935582543256e+02 3.592471121530429059e+02
2.683523479984709752e+02 3.592389702761789181e+02
2.673501538763916869e+02 3.592197360245171467e+02
2.663482328804242343e+02 3.591894472928520372e+02
2.653467053767122366e+02 3.591481460978602058e+02
2.643456906443249750e+02 3.590958711156844174e+02
2.633453070017497453e+02 3.590326589478782466e+02
2.623456719045759655e+02 3.589585446667084057e+02
2.613469020599387136e+02 3.588735617580544499e+02
2.603491135426690448e+02 3.587777420684927847e+02
2.593524219131068094e+02 3.586711157564230348e+02
2.583569423365468083e+02 3.585537112471055252e+02
2.573627897043051576e+02 3.584255551914921512e+02
2.563700787564035295e+02 3.582866724287454190e+02
2.553789242058890352e+02 3.581370859523538570e+02
2.543894408648091883e+02 3.579768168797695012e+02
2.534017437718828205e+02 3.578058844255043596e+02
2.524159483219109461e+02 3.576243058776448720e+02
2.514321703969793305e+02 3.574320965777549759e+02
2.504505264995174230e+02 3.572292699041593096e+02
2.494711338872805868e+02 3.570158372586175801e+02
2.484941107103273055e+02 3.567918080564170964e+02
2.475195766767455154e+02 3.565571875829805322e+02
2.465476525092677207e+02 3.563119801200030565e+02
2.455784592890847478e+02 3.560561917074458620e+02
2.446121201798271727e+02 3.557898237610963861e+02
2.436487606282289278e+02 3.555128734256466032e+02
2.426885083983764559e+02 3.552253344118257701e+02
2.417314904901175794e+02 3.549272074959851011e+02
2.407778388368324727e+02 3.546184820773390811e+02
2.398276872367261774e+02 3.542991473134552507e+02
2.388811695120393210e+02 3.539691975308899714e+02
2.379384272205152229e+02 3.536286105078868331e+02
2.369995981192020338e+02 3.532773807541829001e+02
2.360648298416602699e+02 3.529154822022959479e+02
2.351342675097918971e+02 3.525429021705608079e+02
2.342080624512513509e+02 3.521596187254568235e+02
2.332863713663925580e+02 3.517656042750690517e+02
2.323693502487701323e+02 3.513608402504278274e+02
2.314571618829290571e+02 3.509452997988183824e+02
2.305499733774317406e+02 3.505189544659268108e+02
2.296479574372301897e+02 3.500817721565890679e+02
2.287512882786955970e+02 3.496337260562917777e+02
2.278601467752529572e+02 3.491747843700005092e+02
2.269747188520085217e+02 3.487049143830170692e+02
2.260951956945905295e+02 3.482240826156526055e+02
2.252217746384305599e+02 3.477322538020557090e+02
2.243546594838931583e+02 3.472293910644532957e+02
2.234940572843463826e+02 3.467154619394916608e+02
2.226401824358300132e+02 3.461904317240058049e+02
2.217932582066896714e+02 3.456542619502185971e+02
2.209535135110560304e+02 3.451069163878261179e+02
2.201211804281019795e+02 3.445483650385344845e+02
2.192965066986072316e+02 3.439785660961068174e+02
2.184797374919183142e+02 3.433974936057967966e+02
2.176711323595721979e+02 3.428051132111925767e+02
2.168709587280139601e+02 3.422013926609837995e+02
2.160794870341768785e+02 3.415863085878111747e+02
2.152969995750435430e+02 3.409598353069328027e+02
2.145237867803742517e+02 3.403219506020310519e+02
2.137601472899843600e+02 3.396726362329850986e+02
2.130063880006059662e+02 3.390118784745561697e+02
2.122628240783267017e+02 3.383396686860703539e+02
2.115297789323379618e+02 3.376560039118769510e+02
2.108075841454906936e+02 3.369608875120002267e+02
2.100965806947644126e+02 3.362543284971750950e+02
2.093971221840814110e+02 3.355363391623853886e+02
2.087095583151000255e+02 3.348069516518885962e+02
2.080342603679787032e+02 3.340661937848606726e+02
2.073715949700249723e+02 3.333141143897611300e+02
2.067219481585736958e+02 3.325507618247961545e+02
2.060856985333535647e+02 3.317762079006374165e+02
2.054632419377224721e+02 3.309905270163878868e+02
2.048549768423820865e+02 3.301938090939316908e+02
2.042613005824574941e+02 3.293861621750128279e+02
2.036826183051930457e+02 3.285677056520316341e+02
2.031193372932033299e+02 3.277385747915997172e+02
2.025718658042580103e+02 3.268989214862211838e+02
2.020406117999595494e+02 3.260489149563978799e+02
2.015259815642284309e+02 3.251887423905067180e+02
2.010283782142106190e+02 3.243186095091622860e+02
2.005482001081120984e+02 3.234387410403202807e+02
2.000858391565224963e+02 3.225493810911443688e+02
1.996416790459818174e+02 3.216507934026798807e+02
1.992160933858445162e+02 3.207432614737064114e+02
1.988094437918401809e+02 3.198270885407933974e+02
