3.573181818181819835e+02 1.995346320346320113e+02
3.580491579683209693e+02 2.002177411049667626e+02
3.587589631930210885e+02 2.009228212604620296e+02
3.594456733309381207e+02 2.016504173378692144e+02
3.601103913806938408e+02 2.023981568888561924e+02
3.607515541147577665e+02 2.031661945316460276e+02
3.613703355240241990e+02 2.039523755659402298e+02
3.619653581973428231e+02 2.047566925126016599e+02
3.625380689389031090e+02 2.055770481595438071e+02
3.630869824975434881e+02 2.064135167441332896e+02
3.636138707254137330e+02 2.072640320507206582e+02
3.641174815541170346e+02 2.081285351098270269e+02
3.645992193536314971e+02 2.090054155453321982e+02
3.650588532103550392e+02 2.098940830308463319e+02
3.654966049348151955e+02 2.107937333290581705e+02
3.659135840918923464e+02 2.117032010837233713e+02
3.663090296976788522e+02 2.126222379848431956e+02
3.666842003440536928e+02 2.135497353380888796e+02
3.670396830094522898e+02 2.144849591075056310e+02
3.673749841373647200e+02 2.154276084151692885e+02
3.676911808833982604e+02 2.163768353966260065e+02
3.679888883315021531e+02 2.173320237595332287e+02
3.682684119762220121e+02 2.182926949704917661e+02
3.685294874932272933e+02 2.192585438990266482e+02
3.687733024330215130e+02 2.202288915166531069e+02
3.690002388257439634e+02 2.212033250845754537e+02
3.692106752615505911e+02 2.221814568454589391e+02
3.694049857447884619e+02 2.231629228333040089e+02
3.695830783264551087e+02 2.241474617754590781e+02
3.697458094082512048e+02 2.251346544601527739e+02
3.698935596087976023e+02 2.261241994022506958e+02
3.700266738073453894e+02 2.271158192215729059e+02
3.701454887582423794e+02 2.281092542320760117e+02
3.702503327586387059e+02 2.291042613761975701e+02
3.703415254018505038e+02 2.301006132002125071e+02
3.704193774062985085e+02 2.310980968730491725e+02
3.704841905107339244e+02 2.320965132501138726e+02
3.705362574272445499e+02 2.330956759829203406e+02
3.705758618442976626e+02 2.340954106746960406e+02
3.706032784728009233e+02 2.350955540816253233e+02
3.706187731288581517e+02 2.360959533589793864e+02
3.706226028475434759e+02 2.370964653510553717e+02
3.706150160226200114e+02 2.380969559235966244e+02
3.705962525676955579e+02 2.390972993371759685e+02
3.705665440948167202e+02 2.400973776598893892e+02
3.705261141069749442e+02 2.410970802176157406e+02
3.704751782014302535e+02 2.420963030800449474e+02
3.704139442811422214e+02 2.430949485806535506e+02
3.703426127719504279e+02 2.440929248688082396e+02
3.702613058633261289e+02 2.450901393366561649e+02
3.701699802434318940e+02 2.460864859947037644e+02
3.700690958054460111e+02 2.470819088937528250e+02
3.699588263099913092e+02 2.480763351665075618e+02
3.698393390786891359e+02 2.490696959766794691e+02
3.697107952148685968e+02 2.500619262227829722e+02
3.695733498206986951e+02 2.510529642630085050e+02
3.694267440825632889e+02 2.520426891019537550e+02
3.692714261084253167e+02 2.530310827918509631e+02
3.691076245862518022e+02 2.540181052556765451e+02
3.689354732828879833e+02 2.550037061182192986e+02
3.687551009255321901e+02 2.559878373643427096e+02
3.685661066938195063e+02 2.569703495564916125e+02
3.683690677235529165e+02 2.579512785075832539e+02
3.681641552411400085e+02 2.589305926525173618e+02
3.679514800006814426e+02 2.599082516106543608e+02
3.677307200982304494e+02 2.608841175615054908e+02
3.675021886388203143e+02 2.618581915867820271e+02
3.672661938003341788e+02 2.628304839341202523e+02
3.670228307055603523e+02 2.638009597152062042e+02
3.667716065877674509e+02 2.647694306879486135e+02
3.665130856751013653e+02 2.657359779575833727e+02
3.662474537387496980e+02 2.667005953576785942e+02
3.659745638646293173e+02 2.676631860274718520e+02
3.656942260411952930e+02 2.686236333548436619e+02
3.654070065606728122e+02 2.695820443909189521e+02
3.651129779903241683e+02 2.705383900776643031e+02
3.648114637742431796e+02 2.714924022086515265e+02
3.645032638044277746e+02 2.724442739283709898e+02
3.641884507187317581e+02 2.733939801093603137e+02
3.638664453958083413e+02 2.743412723274690848e+02
3.635378043730340210e+02 2.752862815209572886e+02
3.632027240508404589e+02 2.762290275992243096e+02
3.628606326077846802e+02 2.771692528227150660e+02
3.625120283688706309e+02 2.781070814557837707e+02
3.621571385220527759e+02 2.790425506048021589e+02
3.617953182924710518e+02 2.799753615323832605e+02
3.614271725390823349e+02 2.809056927656743028e+02
3.610528765780811682e+02 2.818335681317469721e+02
3.606716411122600903e+02 2.827586139456029741e+02
3.602843243741585297e+02 2.836811286270805113e+02
3.598908007649292244e+02 2.846010141056111706e+02
3.594905988511740702e+02 2.855180133409666041e+02
3.590844350030486112e+02 2.864323868785842819e+02
3.586719226570451156e+02 2.873439150528590176e+02
3.582530606436540666e+02 2.882525419008457561e+02
3.578283310300161020e+02 2.891584414385991408e+02
3.573970448037179608e+02 2.900612383781714243e+02
3.569597782359891767e+02 2.909611526059184712e+02
3.565165608281108689e+02 2.918581522942616289e+02
3.560668484228888815e+02 2.927519128623448523e+02
3.556113964239388565e+02 2.936427617500955307e+02
3.551496883865087852e+02 2.945303853555419096e+02
3.546819141834817515e+02 2.954148258990742875e+02
3.542084292828866410e+02 2.962962237744861795e+02
3.537284015061425748e+02 2.971740752855440064e+02
3.532427316188332611e+02 2.980488167639613266e+02
3.527509670959094592e+02 2.989201476528320427e+02
3.522531354519340425e+02 2.997880252098152027e+02
3.517497065813584527e+02 3.006526693423767824e+02
3.512397629605996485e+02 3.015134873054208242e+02
3.507242490086687212e+02 3.023709796366102864e+02
3.502026912558938534e+02 3.032248105505954641e+02
3.496751307554391133e+02 3.040749443569678192e+02
3.491419868923394461e+02 3.049215892231051157e+02
3.486024142877623149e+02 3.057641513764144747e+02
3.480573219614179834e+02 3.066031520164915491e+02
3.475061515638751644e+02 3.074381734153296293e+02
3.469490914880721562e+02 3.082692758370508272e+02
3.463863865528621773e+02 3.090965682679095039e+02
3.458173813710364470e+02 3.099195395745267660e+02
3.452428903566406007e+02 3.107386903657890116e+02
3.446622250389359579e+02 3.115534769387152210e+02
3.440758176200483831e+02 3.123641390709378811e+02
3.434836506402189684e+02 3.131706051453497821e+02
3.428853413514068507e+02 3.139725238236716223e+02
3.422815679616330158e+02 3.147703372446449066e+02
3.416714834944302197e+02 3.155633354699041888e+02
3.410558270216121173e+02 3.163520138853824619e+02
3.404342636537560338e+02 3.171360469796009625e+02
3.398067345072029184e+02 3.179153118174782549e+02
3.391737003332300446e+02 3.186901129720629342e+02
3.385343090089806992e+02 3.194596760635697024e+02
3.378894911414487865e+02 3.202246967837523925e+02
3.372386854013594188e+02 3.209846314690392433e+02
3.365822471997809089e+02 3.217397043853400760e+02
3.359203463353501320e+02 3.224899951794400863e+02
3.352525722802739097e+02 3.232350626304116759e+02
3.345796846233072301e+02 3.239755154342703349e+02
3.339010037310157486e+02 3.247106627115812216e+02
3.332171803524772713e+02 3.254410272173292356e+02
3.325280604922294287e+02 3.261663981916670423e+02
3.318335612040106639e+02 3.268866190079846774e+02
3.311342395042122462e+02 3.276021599175648475e+02
3.304293183642845406e+02 3.283121852037716621e+02
3.297196846441922276e+02 3.290174989101768688e+02
3.290049253681632990e+02 3.297176193682800545e+02
3.282852157520190985e+02 3.304126483665461933e+02
3.275608384699862086e+02 3.311028130419215358e+02
3.268312799911320781e+02 3.317874979492014518e+02
3.260972643073013160e+02 3.324674017358818219e+02
3.253583078839305927e+02 3.331419335220552398e+02
3.246147596186547730e+02 3.338113985131378172e+02
3.238667137598413888e+02 3.344758360362018834e+02
3.231138382570073304e+02 3.351347951711559858e+02
3.223567311239736455e+02 3.357888880692748899e+02
3.215948906241022200e+02 3.364374626447231549e+02
3.208287414016762114e+02 3.370809398832591910e+02
3.200582921695064442e+02 3.377192641988210653e+02
3.192832861947043170e+02 3.383520472599159916e+02
3.185042502786296268e+02 3.389798624640388311e+02
3.177207190280051918e+02 3.396020592366374444e+02
3.169330830141293518e+02 3.402190496881497097e+02
3.161413798302082228e+02 3.408308144708311715e+02
3.153453108791511568e+02 3.414368864366228422e+02
3.145453920140328705e+02 3.420378676283298205e+02
3.137412540417519153e+02 3.426331929166981922e+02
3.129331332400266774e+02 3.432230985013513873e+02
3.121212205324736146e+02 3.438077762016400243e+02
3.113050487435110085e+02 3.443864933588455415e+02
3.104851877826846476e+02 3.449599704675634939e+02
3.096614291215205412e+02 3.455278364431716795e+02
3.088337255706140922e+02 3.460899353621217642e+02
3.080024172707571779e+02 3.466466897790135135e+02
3.071671451287082277e+02 3.471974806625134988e+02
3.063281907065236283e+02 3.477426441378432855e+02
3.054857107712141442e+02 3.482823457733044847e+02
3.046392405625836659e+02 3.488157672598346153e+02
3.037893003142639259e+02 3.493436396015115974e+02
3.029358187368149515e+02 3.498657692249892648e+02
3.020785412604413409e+02 3.503816418396107792e+02
3.012178663797324703e+02 3.508918246006825825e+02
3.003536740750584499e+02 3.513960286451776938e+02
2.994858330594350946e+02 3.518939248501948214e+02
2.986146630866026612e+02 3.523859721549493429e+02
2.977400402621848343e+02 3.528718578470396210e+02
2.968618685908547263e+02 3.533512981327058355e+02
2.959804338740615322e+02 3.538247115430626764e+02
2.950956516725364054e+02 3.542918414900974540e+02
2.942073748715683905e+02 3.547522902105775984e+02
2.933158993657984297e+02 3.552065130658402268e+02
2.924212226073681222e+02 3.556544007921380626e+02
2.915230619078402015e+02 3.560952601456060620e+02
2.906217664026430612e+02 3.565296713086527234e+02
2.897173521837493126e+02 3.569575535154564250e+02
2.888096325757083491e+02 3.573783797831748075e+02
2.878987384636454863e+02 3.577922867253630557e+02
2.869847911714275028e+02 3.581994068504866959e+02
2.860677941005424714e+02 3.585996142103040256e+02
2.851475278229217452e+02 3.589922453686348263e+02
2.842242770031863301e+02 3.593778019574501741e+02
2.832980604445656354e+02 3.597561789234626417e+02
2.823688698641944370e+02 3.601271966024104358e+02
2.814365574660835705e+02 3.604902974369766753e+02
2.805013555076569673e+02 3.608458852642260695e+02
2.795632861820071184e+02 3.611938379890693227e+02
2.786223728170877507e+02 3.615340287268505222e+02
2.776785096410570191e+02 3.618659490102207883e+02
2.767318132774485093e+02 3.621896957464985576e+02
2.757823656031188193e+02 3.625052794928710682e+02
2.748301958081016778e+02 3.628125528101048758e+02
2.738753349660060508e+02 3.631113624539923421e+02
2.729177531842187250e+02 3.634013371431533983e+02
2.719574908663735755e+02 3.636823042874491989e+02
2.709946577211763952e+02 3.639543259829065960e+02
2.700292942719345888e+02 3.642172243521552559e+02
2.690614440263537972e+02 3.644708145467357667e+02
2.680911537565204981e+02 3.647149044835604741e+02
2.671184738021820522e+02 3.649492945766367029e+02
2.661434480812328616e+02 3.651737315185547459e+02
2.651660990591374230e+02 3.653878233433638911e+02
2.641865473956267465e+02 3.655915933620709666e+02
2.632048607910718374e+02 3.657848108275136383e+02
2.622211123741415690e+02 3.659672362145923330e+02
2.612353811747983627e+02 3.661386209532180942e+02
2.602477526334916433e+02 3.662987071677183621e+02
2.592583191486653504e+02 3.664472274255576281e+02
2.582671806646912387e+02 3.665839044986573754e+02
2.572744453023020696e+02 3.667084511410710661e+02
2.562802300335245036e+02 3.668205698872897074e+02
2.552846614029883483e+02 3.669199528760212274e+02
2.542878762973102482e+02 3.670062817049036425e+02
2.532900227640049025e+02 3.670792273222817244e+02
2.522912608810514712e+02 3.671384499628898084e+02
2.512917636778279018e+02 3.671835991350474728e+02
2.502917181076029181e+02 3.672143136677744906e+02
2.492913257076077400e+02 3.672301777855828959e+02
2.482908084767299783e+02 3.672304668146175004e+02
2.472904118906474196e+02 3.672151113209426967e+02
2.462903926890646176e+02 3.671837066879162421e+02
2.452910274325383000e+02 3.671358391760456925e+02
2.442926137544678227e+02 3.670710865892849597e+02
2.432954716367904382e+02 3.669890190882204593e+02
2.423000334343504960e+02 3.668883801534412328e+02
2.413066168026730054e+02 3.667694680559219478e+02
2.403156218350686686e+02 3.666318352286444906e+02
2.393274764438799309e+02 3.664750314583127988e+02
2.383428382050713878e+02 3.662975384160923795e+02
2.373620620409648723e+02 3.660998386508820772e+02
2.363856639061221188e+02 3.658815383262669911e+02
2.354144496050653004e+02 3.656412293290981097e+02
2.344489288169599774e+02 3.653789903580868668e+02
2.334896413636732575e+02 3.650947895868085311e+02
2.325377352757510891e+02 3.647867740042452169e+02
2.315935585407515305e+02 3.644558336361437796e+02
2.306580940222597178e+02 3.641010190691515618e+02
2.297322983195623181e+02 3.637216930389851655e+02
2.288167031309755544e+02 3.633183688486429901e+02
2.279128666378167907e+02 3.628893435165843471e+02
2.270209426001590884e+02 3.624360746286722019e+02
2.261428300799602766e+02 3.619566009737501417e+02
2.252785924260362549e+02 3.614525503472418677e+02
2.244301508744451894e+02 3.609223481143909567e+02
2.235976354101387642e+02 3.603674733422251961e+02
2.227829525815719194e+02 3.597867384055898583e+02
2.219861775535995889e+02 3.591816655551827466e+02
2.212092127086416156e+02 3.585513615991325196e+02
2.204518168436675865e+02 3.578976681029000702e+02
2.197154140394816864e+02 3.572204142901980504e+02
2.189994158607003953e+02 3.565216188949368075e+02
2.183049519593940317e+02 3.558014197517800312e+02
2.176314660712480702e+02 3.550615615707755524e+02
2.169796022071892594e+02 3.543025846078444374e+02
2.163491148983304981e+02 3.535257546179285555e+02
2.157398770680722180e+02 3.527321487020263930e+02
2.151523193171521768e+02 3.519223567513801072e+02
2.145853153645371947e+02 3.510980387225796449e+02
2.140400309367217346e+02 3.502591934071625701e+02
2.135150651903649646e+02 3.494074861073951297e+02
2.130103989114757326e+02 3.485435922155527919e+02
2.125264237535905920e+02 3.476679369401862232e+02
2.120618839763088204e+02 3.467818186307349606e+02
2.116167014505003863e+02 3.458858146317516571e+02
2.111912262243535281e+02 3.449802849723231475e+02
2.107842348400705816e+02 3.440663005165339428e+02
2.103954082089974804e+02 3.431444387477307032e+02
2.100248238228286652e+02 3.422150908312613069e+02
2.096721253296909140e+02 3.412788089070735396e+02
2.093365310686233158e+02 3.403362622463395155e+02
2.090177057391346409e+02 3.393879107323821813e+02
2.087153144072385373e+02 3.384341887628481800e+02
2.084292379604956409e+02 3.374754442399132586e+02
2.081591978448120699e+02 3.365120601281150812e+02
2.079045424585702335e+02 3.355444969524535281e+02
2.076649518986332055e+02 3.345730941244874543e+02
2.074401117689374416e+02 3.335981712714772129e+02
2.072297137589639249e+02 3.326200292981265534e+02
2.070334561183329356e+02 3.316389514228142161e+02
2.068510440382322884e+02 3.306552041832604232e+02
2.066821899497232664e+02 3.296690384077724616e+02
2.065266137482754800e+02 3.286806901492483348e+02
2.063840429531780103e+02 3.276903815799961421e+02
2.062542128097740601e+02 3.266983218461747924e+02
2.061368663417847529e+02 3.257047078812852874e+02
2.060317543603287334e+02 3.247097251786578909e+02
2.059386354356199433e+02 3.237135485233011991e+02
2.058572758367317590e+02 3.227163426838209830e+02
2.057874494442662581e+02 3.217182630653815636e+02
2.057289376402507344e+02 3.207194563248918371e+02
2.056815291791108962e+02 3.197200609497515984e+02
2.056450200431341671e+02 3.187202078016052837e+02
2.056192132854387751e+02 3.177200206266240912e+02
2.056039188631024501e+02 3.167196165338797869e+02
2.055989534627773025e+02 3.157191064433944234e+02
2.056043146061724940e+02 3.147185973769412612e+02
2.056198802261027367e+02 3.137181957388449973e+02
2.056452837723732046e+02 3.127179968218978843e+02
2.056803661263152208e+02 3.117180911930183811e+02
2.057249740414705457e+02 3.107185650353362121e+02
2.057789599556908229e+02 3.097195004513567369e+02
2.058422431471087464e+02 3.087209799349773789e+02
2.059150877182439388e+02 3.077231115768026370e+02
2.059969150293645157e+02 3.067259412502209557e+02
2.060875978710450624e+02 3.057295376695939808e+02
2.061870138704200883e+02 3.047339666933575586e+02
2.062951501314902885e+02 3.037393034190087064e+02
2.064122926500022857e+02 3.027456609269939918e+02
2.065378407168647925e+02 3.017530470023232851e+02
2.066716893144238441e+02 3.007615181935882447e+02
2.068137374951538732e+02 2.997711290759579015e+02
2.069644862672340935e+02 2.987820266076855091e+02
2.071233248261053745e+02 2.977941926741849556e+02
2.072900932509144809e+02 2.968076666013726026e+02
2.074647201048545924e+02 2.958224993274427561e+02
2.076478118442461209e+02 2.948388700975189636e+02
2.078385938118557021e+02 2.938567052117582534e+02
2.080369895153224604e+02 2.928760494260258724e+02
2.082432481648465910e+02 2.918970159609750112e+02
2.084574171552967812e+02 2.909196834140331589e+02
2.086789965350696150e+02 2.899440049361383558e+02
2.089079499779182356e+02 2.889700286991204621e+02
2.091449528392957689e+02 2.879979798972515823e+02
2.093891869119071885e+02 2.870277243800494489e+02
2.096405950878612714e+02 2.860593017930540896e+02
2.098997845075283237e+02 2.850929321681340980e+02
2.101662092241909932e+02 2.841285337662126835e+02
2.104396579180246079e+02 2.831661026224089142e+02
2.107206737042421594e+02 2.822058528958283432e+02
2.110088843581870606e+02 2.812477395022446558e+02
2.113039882579777213e+02 2.802917261309040668e+02
2.116065449037324413e+02 2.793380443687971706e+02
2.119161909821757774e+02 2.783866422464469110e+02
2.122326172329852056e+02 2.774374727876841007e+02
2.125564716364926312e+02 2.764908114000635919e+02
2.128872520687008318e+02 2.755465493173981599e+02
2.132247156632439271e+02 2.746046537015573676e+02
2.135696635799812668e+02 2.736654729592348758e+02
2.139213223296659123e+02 2.727287859205214318e+02
2.142796876656664438e+02 2.717946425783239874e+02
2.146454544732079910e+02 2.708633727594055358e+02
2.150177764217268077e+02 2.699347054027517743e+02
2.153969776448030871e+02 2.690088243367567316e+02
2.157832907092216601e+02 2.680858889828570568e+02
2.161760977752478823e+02 2.671656987042840683e+02
2.165760169908004684e+02 2.662485760972900266e+02
2.169827204567712329e+02 2.653344432901363348e+02
2.173958678978494561e+02 2.644232031386299582e+02
2.178164141860080179e+02 2.635153539011326984e+02
2.182433831610543393e+02 2.626105092214211254e+02
2.186771089670401125e+02 2.617088823464341090e+02
2.191178622485073788e+02 2.608106709560843228e+02
2.195649992730577935e+02 2.599156200659721776e+02
2.200192544431203885e+02 2.590241598768412814e+02
2.204801285013670054e+02 2.581361051863021316e+02
2.209475198000789078e+02 2.572514615320559983e+02
2.214221093817156429e+02 2.563706592289004789e+02
2.219030443244774915e+02 2.554933063046867403e+02
2.223909164846396038e+02 2.546197907147884223e+02
2.228855407699330726e+02 2.537500823115399555e+02
2.233865319966746767e+02 2.528840241668106614e+02
2.238948354566614114e+02 2.520222375418371428e+02
2.244094621700566279e+02 2.511642135262877389e+02
2.249309200295467122e+02 2.503103223513640216e+02
2.254592140075661462e+02 2.494606452445487434e+02
2.259938226943772293e+02 2.486149254538308355e+02
2.265357480794407365e+02 2.477738752486264957e+02
2.270840173560219739e+02 2.469369486851281010e+02
2.276390641894980149e+02 2.461044998146314811e+02
2.282009922102803046e+02 2.452766820251027866e+02
2.287692266473482618e+02 2.444531788865164970e+02
2.293447473887487433e+02 2.436347510872601845e+02
2.299266360158962641e+02 2.428208405778558472e+02
2.305152809997834424e+02 2.420118011401057743e+02
2.311108201441150527e+02 2.412078247505754121e+02
2.317126573325405445e+02 2.404085504977017536e+02
2.323217709507888458e+02 2.396148072236506152e+02
2.329372475560926716e+02 2.388259899878939621e+02
2.335594726038769977e+02 2.380424829419674779e+02
2.341885351087609308e+02 2.372644566781105198e+02
2.348237696107408965e+02 2.364914596239552225e+02
2.354660504869840452e+02 2.357243069804752622e+02
2.361143831188119009e+02 2.349622641221814661e+02
2.367690841015520107e+02 2.342056834201222557e+02
2.374301510737643639e+02 2.334546604189809500e+02
2.380969730653677061e+02 2.327087405784485838e+02
2.387703874938830495e+02 2.319687666840160034e+02
2.394494256827699985e+02 2.312339521782495240e+02
2.401344258596999168e+02 2.305046902805600837e+02
2.408253424965189993e+02 2.297810330470283873e+02
2.415216282774642025e+02 2.290625382928519116e+02
2.422240871957124284e+02 2.283500776039689697e+02
2.429317726203154848e+02 2.276428101992276822e+02
2.436450431809181509e+02 2.269411737987039714e+02
2.443638169202163795e+02 2.262451778597146586e+02
2.450876134785553688e+02 2.255544047043365197e+02
2.458171746548451040e+02 2.248697226558344937e+02
2.465516120529963757e+02 2.241902757747888018e+02
2.472912786307953183e+02 2.235165234393799949e+02
2.480360793372885269e+02 2.228484528166672760e+02
2.487855806996443278e+02 2.221856579775235616e+02
2.495404693631850250e+02 2.215290055711434150e+02
2.502999235306920127e+02 2.208776407779938609e+02
2.510642625304242586e+02 2.202320131568963006e+02
2.518334177105366791e+02 2.195921325671246223e+02
2.526069712445436721e+02 2.189575741991307325e+02
2.533855623266993859e+02 2.183292068720012367e+02
2.541684510675120521e+02 2.177062043417413975e+02
2.549558826300564363e+02 2.170889516391095242e+02
2.557478691200321634e+02 2.164775559177695925e+02
2.565439882129456919e+02 2.158715498006395137e+02
2.573447761892703056e+02 2.152717262572417951e+02
2.581496604229060949e+02 2.146774128828073458e+02
2.589587389759304301e+02 2.140888200915132700e+02
2.597721721642398052e+02 2.135062615523174543e+02
2.605894975508076641e+02 2.129291761607231592e+02
2.614111133680829084e+02 2.123582145614147123e+02
2.622366852385805487e+02 2.117929905016901273e+02
2.630660883011274791e+02 2.112334010110719760e+02
2.638997095946704121e+02 2.106801155897953493e+02
2.647370053819684586e+02 2.101324082537751394e+02
2.655781955674800088e+02 2.095906990851311491e+02
2.664232650638115274e+02 2.090550636584763993e+02
2.672718923536638158e+02 2.085250820443891655e+02
2.681244436348727618e+02 2.080014350365535734e+02
2.689805831461931689e+02 2.074836779454564919e+02
2.698401965587115114e+02 2.069717064788337950e+02
2.707036768478679392e+02 2.064662843717325700e+02
2.715705271772420133e+02 2.059666666715233134e+02
2.724408450230457106e+02 2.054731114756465900e+02
2.733147953289387146e+02 2.049860186136520781e+02
2.741920141020115693e+02 2.045048379205917115e+02
2.750726601165012539e+02 2.040299564159081456e+02
2.759567483534764847e+02 2.035615164814716707e+02
2.768440076880315246e+02 2.030991110887112256e+02
2.777346203396710962e+02 2.026431956001858339e+02
2.786285272312875350e+02 2.021937757993524940e+02
2.795255112025803896e+02 2.017505291215948091e+02
2.804257411864451228e+02 2.013139105583965431e+02
2.813291575711245969e+02 2.008839262971486050e+02
2.822355594188109080e+02 2.004602717055005314e+02
2.831450669333108863e+02 2.000433234798093736e+02
2.840576907702073299e+02 1.996332434703528236e+02
2.849732097787075986e+02 1.992296695809032485e+02
2.858916615339551868e+02 1.988328118092451007e+02
2.868131945308624040e+02 1.984431636706369204e+02
2.877375324986571741e+02 1.980602201518657353e+02
2.886646505896069357e+02 1.976840542354940169e+02
2.895947421599427116e+02 1.973153006004701808e+02
2.905275993539719934e+02 1.969536045652004077e+02
2.914631441745228813e+02 1.965989180912961558e+02
2.924014003519667426e+02 1.962514633841719558e+02
2.933424708203683053e+02 1.959117064307071985e+02
2.942861327611712454e+02 1.955792190759063942e+02
2.952323580545157142e+02 1.952540970559436744e+02
2.961811811813506097e+02 1.949366323445801470e+02
2.971326368100449713e+02 1.946271490465831278e+02
2.980865512260785977e+02 1.943253338433397346e+02
2.990428925484307570e+02 1.940312983667306810e+02
3.000016276516959124e+02 1.937451587000148265e+02
3.009628764163701362e+02 1.934675804978452049e+02
3.019264355613795487e+02 1.931981384959485410e+02
3.028922662103585708e+02 1.929369581564573082e+02
3.038603290148076894e+02 1.926841746802021191e+02
3.048305826437833730e+02 1.924399286519893337e+02
3.058030883423789419e+02 1.922048095969159363e+02
3.067776882090709591e+02 1.919785355163430722e+02
3.077543281298002285e+02 1.917612399195193404e+02
3.087329570461877211e+02 1.915530862655275541e+02
3.097135208507221478e+02 1.913542444750393656e+02
3.106959621176816881e+02 1.911648911752469360e+02
3.116802381697867759e+02 1.909853136502549376e+02
3.126662990164291500e+02 1.908158135884717979e+02
3.136540315433123851e+02 1.906563523238097559e+02
3.146433623567473319e+02 1.905071344960304316e+02
3.156342130965741717e+02 1.903683726451616565e+02
3.166265000188828367e+02 1.902402874691786963e+02
3.176201335468308571e+02 1.901231080795853359e+02
3.186150177875372833e+02 1.900170722528237945e+02
3.196110500129939851e+02 1.899224266751064363e+02
3.206081201029112435e+02 1.898394271778875293e+02
3.216061099474216576e+02 1.897683389607751678e+02
3.226048928075971389e+02 1.897094367982218159e+02
3.236043326318090294e+02 1.896630052258222463e+02
3.246042833260768816e+02 1.896293387014884217e+02
3.256045879767260089e+02 1.896087417361618748e+02
3.266050780239123696e+02 1.896015289880621992e+02
3.276055723848895127e+02 1.896080253137596685e+02
3.286058765262985162e+02 1.896285657686006516e+02
3.296057814852761680e+02 1.896634955482076350e+02
3.306050628398064077e+02 1.897131698619371605e+02
3.316034796295126625e+02 1.897779537283051923e+02
3.326007503295710990e+02 1.898584813639867264e+02
3.335965818259513185e+02 1.899551734284134454e+02
3.345906896731967777e+02 1.900681939158403111e+02
3.355827508820791536e+02 1.901979455571823223e+02
3.365724195652949788e+02 1.903448381448389171e+02
3.375593038150753955e+02 1.905094114852078349e+02
3.385428766559967357e+02 1.906927325783749154e+02
3.395228203584117637e+02 1.908945355813318940e+02
3.404986786198755908e+02 1.911152482513969346e+02
3.414698598985585249e+02 1.913557084334399292e+02
3.424357191917347905e+02 1.916167184293332184e+02
3.433958693729787228e+02 1.918979953663028084e+02
3.443495986981255896e+02 1.922003294595845091e+02
3.452960255771469065e+02 1.925247962836026829e+02
3.462347857644376177e+02 1.928708130066373485e+02
3.471647956041287557e+02 1.932396974572261854e+02
3.480853654538358342e+02 1.936315418327386624e+02
3.489958110113195744e+02 1.940463646153572768e+02
3.498947493790425938e+02 1.944855652813093627e+02
3.507819599041079641e+02 1.949479983071796596e+02
3.516555457604977164e+02 1.954356767391719245e+02
3.525154819725616449e+02 1.959470358687153748e+02
3.533597876145045120e+02 1.964838040120793039e+02
3.541883466870991128e+02 1.970445729715845005e+02
3.549991073975903646e+02 1.976307744806147753e+02
3.557920759051402797e+02 1.982408302869716294e+02
3.565649866875281759e+02 1.988761023947354829e+02
