2.236385281385280166e+02 1.891450216450216146e+02
2.244429735452862076e+02 1.885495075325338519e+02
2.252615548160590322e+02 1.879735865597953932e+02
2.260936638504390999e+02 1.874173839313152996e+02
2.269391844606510915e+02 1.868817868622534775e+02
2.277971689943710771e+02 1.863663950743915620e+02
2.286667750275663025e+02 1.858708615091352954e+02
2.295476124532155779e+02 1.853955730445935899e+02
2.304391925322442773e+02 1.849407554479733164e+02
2.313405287188325303e+02 1.845055950715489814e+02
2.322510426121818341e+02 1.840899689057274031e+02
2.331705709560383184e+02 1.836946837592708448e+02
2.340981456653597661e+02 1.833186750734486168e+02
2.350331942539680199e+02 1.829616541750936562e+02
2.359752689702133637e+02 1.826235978537569622e+02
2.369240412875481354e+02 1.823048205228550387e+02
2.378787532911534015e+02 1.820043068327038043e+02
2.388389496057219503e+02 1.817218015584698492e+02
2.398042057761263663e+02 1.814570856836813846e+02
2.407742713450730037e+02 1.812105737539429526e+02
2.417485318602634266e+02 1.809812118301476573e+02
2.427266097914189231e+02 1.807687169759538222e+02
2.437081455797463718e+02 1.805728034021661301e+02
2.446928156381673602e+02 1.803932897706073675e+02
2.456803509812815776e+02 1.802302718907192514e+02
2.466703450827999973e+02 1.800829324633103568e+02
2.476625077549078924e+02 1.799509867112798531e+02
2.486565639465335380e+02 1.798341523481468585e+02
2.496522531075405880e+02 1.797321502980435639e+02
2.506493285423738939e+02 1.796447053297438288e+02
2.516475787527300270e+02 1.795718765154589676e+02
2.526467542162573920e+02 1.795131075251188975e+02
2.536466416995320969e+02 1.794680664086494630e+02
2.546470449349586431e+02 1.794364995372320095e+02
2.556477781841636272e+02 1.794181592256418014e+02
2.566486656359936092e+02 1.794128039611841814e+02
2.576495408216998158e+02 1.794201985869780742e+02
2.586502460487134272e+02 1.794401144442296641e+02
2.596506318540187976e+02 1.794723294778526679e+02
2.606505564777899053e+02 1.795166283095005610e+02
2.616498853576600254e+02 1.795728022817851013e+02
2.626484811195258544e+02 1.796407789654960823e+02
2.636462290734828002e+02 1.797202302418364184e+02
2.646430149156000766e+02 1.798109537478452751e+02
2.656387287180548356e+02 1.799127688505017204e+02
2.666332654682420298e+02 1.800255015010288275e+02
2.676265246875548200e+02 1.801489841695338328e+02
2.686184100679441826e+02 1.802830557702605745e+02
2.696088291254775413e+02 1.804275615792137160e+02
2.705976928700725352e+02 1.805823531457333786e+02
2.715849154905557725e+02 1.807472881994353884e+02
2.725704140541759557e+02 1.809222305537789453e+02
2.735541082196913294e+02 1.811070500073873575e+02
2.745359199631482738e+02 1.813016222441177376e+02
2.755157733154687207e+02 1.815058287327622111e+02
2.764935941109731061e+02 1.817195566271572034e+02
2.774693097459717706e+02 1.819426986673817908e+02
2.784428489465731218e+02 1.821751530826425949e+02
2.794141415448688690e+02 1.824168234963609621e+02
2.803831182626714735e+02 1.826676188339118312e+02
2.813497105019942524e+02 1.829274532333984666e+02
2.823138501414799180e+02 1.831962459597909003e+02
2.832754693379966398e+02 1.834739213227050811e+02
2.842345003326354345e+02 1.837604085980525497e+02
2.851908752603532093e+02 1.840556419537505803e+02
2.861445259625195945e+02 1.843595603796420903e+02
2.870953838016308737e+02 1.846721076217438906e+02
2.880433794774652370e+02 1.849932321209061570e+02
2.889884428439563635e+02 1.853228869559412146e+02
2.899305027260671750e+02 1.856610297912484953e+02
2.908694867359448040e+02 1.860076228289404696e+02
2.918053210876379353e+02 1.863626327654468753e+02
2.927379304096529040e+02 1.867260307525530152e+02
2.936672375546183389e+02 1.870977923628018402e+02
2.945931634053205812e+02 1.874778975591682411e+02
2.955156266763587496e+02 1.878663306688866328e+02
2.964345409488333303e+02 1.882630866789724848e+02
2.973498245624429046e+02 1.886681479051445081e+02
2.982613897293920786e+02 1.890815092392992369e+02
2.991691408016179139e+02 1.895031803998946032e+02
3.000729814082023381e+02 1.899331693918505266e+02
3.009728143352696179e+02 1.903714829256588814e+02
3.018685370333706715e+02 1.908181354570217820e+02
3.027600429446258659e+02 1.912731457225158636e+02
3.036472212280776262e+02 1.917365367404949552e+02
3.045299566841114824e+02 1.922083354199516521e+02
3.054081322094183406e+02 1.926885675717904576e+02
3.062816302025131563e+02 1.931772553042014238e+02
3.071503316463814599e+02 1.936744187811024176e+02
3.080141161037169013e+02 1.941800762255579684e+02
3.088728617562762224e+02 1.946942438458800098e+02
3.097264454477239610e+02 1.952169357612779663e+02
3.105747427300608479e+02 1.957481639271975098e+02
3.114176279137270171e+02 1.962879380604944117e+02
3.122549741214620553e+02 1.968362655646023427e+02
3.130866533460015830e+02 1.973931514548584687e+02
3.139125365116778994e+02 1.979585982841650775e+02
3.147324935399872743e+02 1.985326060691694465e+02
3.155463282339862872e+02 1.991152623004616373e+02
3.163538883652620370e+02 1.997065835864408712e+02
3.171551154352032995e+02 2.003064565316256846e+02
3.179498759159286578e+02 2.009148698484918327e+02
3.187380356837432487e+02 2.015318093435286926e+02
3.195194601102813863e+02 2.021572578512903249e+02
3.202940141577429358e+02 2.027911951705508500e+02
3.210615624781852944e+02 2.034335980028095037e+02
3.218219617772588776e+02 2.040844488324237602e+02
3.225748679372487686e+02 2.047439531674588977e+02
3.233203492548921645e+02 2.054118369352668481e+02
3.240582702094820888e+02 2.060880633430883506e+02
3.247884955512477632e+02 2.067725922272194055e+02
3.255108904241434971e+02 2.074653800119268681e+02
3.262253204919132372e+02 2.081663796725705993e+02
3.269315854728477007e+02 2.088756062702879035e+02
3.276293978888174365e+02 2.095931505344549635e+02
3.283188351192408732e+02 2.103187438733424699e+02
3.289997664185052031e+02 2.110523245962016006e+02
3.296720622643223351e+02 2.117938274486826629e+02
3.303355944993664934e+02 2.125431836076635079e+02
3.309901849587081415e+02 2.133003646865937242e+02
3.316354770432138821e+02 2.140654852864826125e+02
3.322716203815306812e+02 2.148382273446027568e+02
3.328984940971337210e+02 2.156185072474640947e+02
3.335159794350323637e+02 2.164062378855097393e+02
3.341239599073053341e+02 2.172013286870738966e+02
3.347221721197992679e+02 2.180037956511586685e+02
3.353104324541561709e+02 2.188135856225719351e+02
3.358888458041779472e+02 2.196304366475226857e+02
3.364573067475363928e+02 2.204542442668195008e+02
3.370157128673583316e+02 2.212849008474872221e+02
3.375639648866552989e+02 2.221222956587612885e+02
3.381016782907466904e+02 2.229664965745036795e+02
3.386289474629494975e+02 2.238172585739893634e+02
3.391457807209628754e+02 2.246743993296141753e+02
3.396520933357003855e+02 2.255377962267698422e+02
3.401478043551778114e+02 2.264073240564594016e+02
3.406328367119128302e+02 2.272828551300656841e+02
3.411067514587682581e+02 2.281644536787168818e+02
3.415698239010746420e+02 2.290517936784370079e+02
3.420220109911080044e+02 2.299447290596264111e+02
3.424632529694142704e+02 2.308431232641813153e+02
3.428934944176215822e+02 2.317468379380348438e+02
3.433126843251703804e+02 2.326557330749532753e+02
3.437205216561575867e+02 2.335697790576017496e+02
3.441171136815790419e+02 2.344887590909284540e+02
3.445025330606868579e+02 2.354124795363818805e+02
3.448767477719356407e+02 2.363407952818128308e+02
3.452397304187607006e+02 2.372735603606295172e+02
3.455914582473544101e+02 2.382106281097976535e+02
3.459319131563300402e+02 2.391518513285878100e+02
3.462609589822757243e+02 2.400971243664330359e+02
3.465785358398550784e+02 2.410463116198843352e+02
3.468848237014518077e+02 2.419992004719005934e+02
3.471798237871419701e+02 2.429556434014151307e+02
3.474635418808413192e+02 2.439154931720206321e+02
3.477359882905038262e+02 2.448786029851940214e+02
3.479971778009124819e+02 2.458448266311832811e+02
3.482471296192688897e+02 2.468140186371740015e+02
3.484858673138178347e+02 2.477860344123702134e+02
3.487134187457597818e+02 2.487607303896415090e+02
3.489298159947331897e+02 2.497379641634064456e+02
3.491350249548824536e+02 2.507176089436423752e+02
3.493291306038931907e+02 2.516995138598334449e+02
3.495123084944842731e+02 2.526835154777245123e+02
3.496846460429628110e+02 2.536694730807116116e+02
3.498462229439543307e+02 2.546572509010429997e+02
3.499971112807929785e+02 2.556467176583282424e+02
3.501373756306408040e+02 2.566377461199770096e+02
3.502670731635571428e+02 2.576302126814835560e+02
3.503862537348746855e+02 2.586239969645539531e+02
3.504949599703630838e+02 2.596189814311519513e+02
3.505932273437704794e+02 2.606150510116133887e+02
3.506810842464266216e+02 2.616120927450448335e+02
3.507585520486773589e+02 2.626099954302864603e+02
3.508256451530003801e+02 2.636086492857734243e+02
3.508823710387168262e+02 2.646079456166810928e+02
3.509287302982855294e+02 2.656077764877823597e+02
3.509647166652208057e+02 2.666080344004827225e+02
3.509903170337398137e+02 2.676086119725318326e+02
3.510055114702997798e+02 2.686094016189339300e+02
3.510102732172456967e+02 2.696102952326012883e+02
3.510045686888475416e+02 2.706111838633085540e+02
3.509883574600697216e+02 2.716119573935177414e+02
3.509615922484817361e+02 2.726125042096463176e+02
3.509242188897902111e+02 2.736127108673548491e+02
3.508761763075521571e+02 2.746124617494273252e+02
3.508173964777142260e+02 2.756116387148139779e+02
3.507478043887193735e+02 2.766101207373979491e+02
3.506673179980267605e+02 2.776077835330416406e+02
3.505758481860101483e+02 2.786044991734609084e+02
3.504732987083328908e+02 2.796001356854674214e+02
3.503595661480398462e+02 2.805945566341200674e+02
3.502345398687765510e+02 2.815876206883241366e+02
3.500981019707215864e+02 2.825791811674279757e+02
3.499501272510265153e+02 2.835690855673836950e+02
3.497904831707764970e+02 2.845571750650662466e+02
3.496190298307342346e+02 2.855432839993912921e+02
3.494356199584041178e+02 2.865272393279334437e+02
3.492400989092490704e+02 2.875088600578327487e+02
3.490323046852208222e+02 2.884879566498887584e+02
3.488120679741218737e+02 2.894643303948887478e+02
3.485791494799518659e+02 2.904377573197939455e+02
3.483332330317437027e+02 2.914079814295110964e+02
3.480742964519200200e+02 2.923748104141040471e+02
3.478021405873289496e+02 2.933380002508086477e+02
3.475165596289847940e+02 2.942972940306452188e+02
3.472173413848569226e+02 2.952524211528764226e+02
3.469042676123621050e+02 2.962030964935877364e+02
3.465771144180408214e+02 2.971490195508727084e+02
3.462356527324268995e+02 2.980898735699414033e+02
3.458793521554480890e+02 2.990252091735988529e+02
3.455080382194868776e+02 2.999546847365208464e+02
3.451216637206786686e+02 3.008779985960064209e+02
3.447199843916591817e+02 3.017947564472564181e+02
3.443027547884669275e+02 3.027045430324403128e+02
3.438696755210010565e+02 3.036068947994335758e+02
3.434198891315875812e+02 3.045010348668250799e+02
3.429537773761801986e+02 3.053867695379950646e+02
3.424711033153686799e+02 3.062635871217951831e+02
3.419716365374194993e+02 3.071309511456448718e+02
3.414544564856845454e+02 3.079878704796919919e+02
3.409198233682486148e+02 3.088340063005215939e+02
3.403677262526741742e+02 3.096688501810319849e+02
3.397978217731156292e+02 3.104916430793518316e+02
3.392092393725571355e+02 3.113011781178989281e+02
3.386026813180914132e+02 3.120973279859097715e+02
3.379780385421533424e+02 3.128793728908182743e+02
3.373341648361049465e+02 3.136456603477298017e+02
3.366719981431269844e+02 3.143961898869438301e+02
3.359915951486540280e+02 3.151302317338368653e+02
3.352918186708998292e+02 3.158458262140268289e+02
3.345739093182280044e+02 3.165432193959352389e+02
3.338377677444664187e+02 3.172213409496013696e+02
3.330829453234189259e+02 3.178786049004364713e+02
3.323109793816167326e+02 3.185156439152597727e+02
3.315220222731960575e+02 3.191315163121265641e+02
3.307168464289367762e+02 3.197260290852736375e+02
3.298967215676449882e+02 3.202997488039815721e+02
3.290616245525175145e+02 3.208514494333288098e+02
3.282129322413754267e+02 3.213819959310050081e+02
3.273514771585305994e+02 3.218915661774981913e+02
3.264773455632825403e+02 3.223790734798549806e+02
3.255920013155181891e+02 3.228459038766523577e+02
3.246959869007310999e+02 3.232919193127249287e+02
3.237896625384320259e+02 3.237165959999842357e+02
3.228741865601058976e+02 3.241211643802365074e+02
3.219501002851008593e+02 3.245056690599967624e+02
3.210177218934653638e+02 3.248696086869496185e+02
3.200780447252577119e+02 3.252142602752895755e+02
3.191316136792218003e+02 3.255399187152220293e+02
3.181787018460436229e+02 3.258460998448016994e+02
3.172200386938355336e+02 3.261337627555276413e+02
3.162561619268571462e+02 3.264034435651843182e+02
3.152875167742000144e+02 3.266554765567622098e+02
3.143143493312334158e+02 3.268894449170870757e+02
3.133372611000941106e+02 3.271064484046683560e+02
3.123566390193998927e+02 3.273068788588544180e+02
3.113728364463442517e+02 3.274910764568222703e+02
3.103861638357042239e+02 3.276592387685169570e+02
3.093968975564727657e+02 3.278114037198216693e+02
3.084054167618161273e+02 3.279483879718944763e+02
3.074119968491838790e+02 3.280705161664049569e+02
3.064168967705952014e+02 3.281781073334202006e+02
3.054203598920465765e+02 3.282714743152809547e+02
3.044226148407145160e+02 3.283509232834130671e+02
3.034238622936950378e+02 3.284165172797150376e+02
3.024243200250974155e+02 3.284687026205327243e+02
3.014241842085451708e+02 3.285078796948214972e+02
3.004236310679646067e+02 3.285343228876131434e+02
2.994228261402775502e+02 3.285482986316530969e+02
2.984219249639758118e+02 3.285500653257497561e+02
2.974210737371257096e+02 3.285398732938534749e+02
2.964204099446357077e+02 3.285179647796322229e+02
2.954200629549542327e+02 3.284845739717667925e+02
2.944201545866360448e+02 3.284399270556174315e+02
2.934207996454346699e+02 3.283842422873239570e+02
2.924221064327573458e+02 3.283177300867835697e+02
2.914241772264514339e+02 3.282405931463136994e+02
2.904271087349989102e+02 3.281530265521346337e+02
2.894309925262669481e+02 3.280552179161213076e+02
2.884359154320158609e+02 3.279473475155502342e+02
2.874419599293957504e+02 3.278295884388307400e+02
2.864492045006775811e+02 3.277021067354413617e+02
2.854577239724663400e+02 3.275650615685083267e+02
2.844675898356322250e+02 3.274186053686559035e+02
2.834788705471792696e+02 3.272628839879291149e+02
2.824916318152432382e+02 3.270980368527503401e+02
2.815059368683835714e+02 3.269241971150051427e+02
2.805218467102961313e+02 3.267414918004811852e+02
2.795394203610417776e+02 3.265500419539935706e+02
2.785587150858453924e+02 3.263499627806237982e+02
2.775797866124823372e+02 3.261413637825939986e+02
2.766026893382334606e+02 3.259243488913642182e+02
2.756274765273501544e+02 3.256990165946157276e+02
2.746542004999373603e+02 3.254654600578348891e+02
2.736829128131275297e+02 3.252237672402667386e+02
2.727136644353860220e+02 3.249740210050488258e+02
2.717465059147601778e+02 3.247162992233751311e+02
2.707814875418551992e+02 3.244506748725701755e+02
2.698186595082956956e+02 3.241772161279833995e+02
2.688580720614114057e+02 3.238959864486353126e+02
2.678997756558632091e+02 3.236070446565673251e+02
2.669438496086163468e+02 3.233103544929491022e+02
2.659903282582196198e+02 3.230060257039590965e+02
2.650392535082186214e+02 3.226941363353254246e+02
2.640906779347993165e+02 3.223747277258822805e+02
2.631446550474501009e+02 3.220478368744733189e+02
2.622012394358997085e+02 3.217134964833200002e+02
2.612604869185947223e+02 3.213717349950817379e+02
2.603224546933899433e+02 3.210225766236398499e+02
2.593872014911328279e+02 3.206660413786424897e+02
2.584547877328360528e+02 3.203021450838537589e+02
2.575252756911472147e+02 3.199308993893525326e+02
2.565987296568438296e+02 3.195523117776346567e+02
2.556752161111066357e+02 3.191663855636774088e+02
2.547548039043501831e+02 3.187731198890328415e+02
2.538375644424205575e+02 3.183725097100260655e+02
2.529235718810080584e+02 3.179645457801457837e+02
2.520129033291600535e+02 3.175492146267277462e+02
2.511056390628254462e+02 3.171264985220482231e+02
2.502018627494113616e+02 3.166963754489661937e+02
2.493016616843865165e+02 3.162588190612731296e+02
2.484051271208016942e+02 3.158137984804183702e+02
2.475123582900811812e+02 3.153612708766512469e+02
2.466234667502056084e+02 3.149011741197736569e+02
2.457385684191377209e+02 3.144334436067817364e+02
2.448577821530112715e+02 3.139580153210026765e+02
2.439812297804376442e+02 3.134748259398149912e+02
2.431090361331826841e+02 3.129838129478688415e+02
2.422413290728241009e+02 3.124849147558771278e+02
2.413782395129802296e+02 3.119780708250308408e+02
2.405199014366844494e+02 3.114632217970715260e+02
2.396664519084596918e+02 3.109403096300302991e+02
2.388180310806328066e+02 3.104092777396167548e+02
2.379747821934118974e+02 3.098700711462133199e+02
2.371368515682354428e+02 3.093226366274012094e+02
2.363043885938903372e+02 3.087669228759065732e+02
2.354775457048840792e+02 3.082028806628253506e+02
2.346564783515496515e+02 3.076304630059394185e+02
2.338413449613541104e+02 3.070496253429022318e+02
2.330323919555169994e+02 3.064602101668588148e+02
2.322297704621079504e+02 3.058622029498133656e+02
2.314335900793592771e+02 3.052556481417727809e+02
2.306440210299765283e+02 3.046405130505509078e+02
2.298612361531269528e+02 3.040167683715409339e+02
2.290854107990660395e+02 3.033843883835393740e+02
2.283167227112741102e+02 3.027433511463399327e+02
2.275553518956743346e+02 3.020936386994418967e+02
2.268015947678491102e+02 3.014351078723557862e+02
2.260556630284778237e+02 3.007677271058309429e+02
2.253176181475526221e+02 3.000916365101679162e+02
2.245876478557648284e+02 2.994068367236118888e+02
2.238659412432465103e+02 2.987133333885417983e+02
2.231526885411205114e+02 2.980111373389303822e+02
2.224481302145092059e+02 2.973002164986748426e+02
2.217526937485660028e+02 2.965803704648509438e+02
2.210663045819467527e+02 2.958518947608595795e+02
2.203891549859635575e+02 2.951148236564002332e+02
2.197214370007164064e+02 2.943691974783993714e+02
2.190633421290711738e+02 2.936150627464478475e+02
2.184153055507482861e+02 2.928522669876485338e+02
2.177774395847892777e+02 2.920809475794599734e+02
2.171497817326482220e+02 2.913013004024369366e+02
2.165325175802636863e+02 2.905133988799655071e+02
2.159258303953112090e+02 2.897173231003154683e+02
2.153301048988920741e+02 2.889130106292856226e+02
2.147455722726244005e+02 2.881005283593777904e+02
2.141721627070693046e+02 2.872801599330049385e+02
2.136100455854057429e+02 2.864520133083498763e+02
2.130593859996376125e+02 2.856162030718537039e+02
2.125205480484038958e+02 2.847727221063009324e+02
2.119937737661239794e+02 2.839216557835466119e+02
2.114789317309781325e+02 2.830633204151600353e+02
2.109761648308314363e+02 2.821978570119820802e+02
2.104856097244427531e+02 2.813254125599343070e+02
2.100075420330467182e+02 2.804460619862993553e+02
2.095422936161568543e+02 2.795598627311331938e+02
2.090896286013067709e+02 2.786671723550748538e+02
2.086496538610504388e+02 2.777681601541777923e+02
2.082224684107169423e+02 2.768630001227065804e+02
2.078081631521667987e+02 2.759518706463163653e+02
2.074071912488464307e+02 2.750347948383457606e+02
2.070193527910485898e+02 2.741120896314072866e+02
2.066446093375297153e+02 2.731839902343444919e+02
2.062830155245000014e+02 2.722506893232386460e+02
2.059346169480977835e+02 2.713123821090653109e+02
2.055994500676198129e+02 2.703692659482280192e+02
2.052776563125251528e+02 2.694215020496830562e+02
2.049694067649270437e+02 2.684692472603892952e+02
2.046744264040719372e+02 2.675128004520766467e+02
2.043927131427554400e+02 2.665523631658067529e+02
2.041242514746920165e+02 2.655881381557042573e+02
2.038689533037280626e+02 2.646203442547205213e+02
2.036266595303636393e+02 2.636492122828997253e+02
2.033972108335482289e+02 2.626749645039350298e+02
2.031804540708789659e+02 2.616978134808459799e+02
2.029762423831975582e+02 2.607179626912101185e+02
2.027844402252644898e+02 2.597356061839500398e+02
2.026050730199260101e+02 2.587509030907388023e+02
2.024378308115999232e+02 2.577640690329603785e+02
2.022825935757054197e+02 2.567752759228312129e+02
2.021392477258558245e+02 2.557846893959361125e+02
2.020076861041812890e+02 2.547924692853131887e+02
2.018878079621364634e+02 2.537987700761822225e+02
2.017795189336294186e+02 2.528037413423672888e+02
2.016827310021029973e+02 2.518075281655062554e+02
2.015973624630115637e+02 2.508102715381665462e+02
2.015233378829658477e+02 2.498121087520032120e+02
2.014605880566598728e+02 2.488131737721032550e+02
2.014090499625505117e+02 2.478135975986631365e+02
2.013686667181301573e+02 2.468135086171414798e+02
2.013393875355101557e+02 2.458130329380227295e+02
2.013211676779225456e+02 2.448122947273155603e+02
2.013139684176468052e+02 2.438114165288999970e+02
2.013177569957719584e+02 2.428105195798216016e+02
2.013325065841163735e+02 2.418097241196178970e+02
2.013581962495455855e+02 2.408091496947477879e+02
2.013948109208495225e+02 2.398089154591812644e+02
2.014423413582663329e+02 2.388091404721918707e+02
2.015007841256652341e+02 2.378099439943832749e+02
2.015701415653340121e+02 2.368114457829665866e+02
2.016504217752430748e+02 2.358137663872970222e+02
2.017416385885890975e+02 2.348170274456637117e+02
2.018438115553514365e+02 2.338213519843190511e+02
2.019569659255183467e+02 2.328268647197225221e+02
2.020811326335680462e+02 2.318336923649627863e+02
2.022163482837069921e+02 2.308419639413126276e+02
2.023626551352865590e+02 2.298518110958571867e+02
2.025201010877299268e+02 2.288633684261234578e+02
2.026887396642053147e+02 2.278767738126223321e+02
2.028686299931823669e+02 2.268921687601938402e+02
2.030598367868972218e+02 2.259096987490236756e+02
2.032624303156363510e+02 2.249295135961680785e+02
2.034764863766214376e+02 2.239517678283886539e+02
2.037020862561433034e+02 2.229766210670534861e+02
2.039393166834439910e+02 2.220042384258062498e+02
2.041882697746911788e+02 2.210347909216380913e+02
2.044490429652186947e+02 2.200684558999170974e+02
2.047217389280280315e+02 2.191054174738315226e+02
2.050064654763527301e+02 2.181458669785882591e+02
2.053033354478852459e+02 2.171900034405683471e+02
2.056124665680505927e+02 2.162380340614787713e+02
2.059339812894878321e+02 2.152901747173471563e+02
2.062680209438484837e+02 2.143466556578907785e+02
2.066149204282000369e+02 2.134077889464340672e+02
2.069746186202787896e+02 2.124737525839250338e+02
2.073472556328642327e+02 2.115448040446115101e+02
2.077329749998494037e+02 2.106212122888136378e+02
2.081319232897587597e+02 2.097032583361249749e+02
2.085442496675743200e+02 2.087912358431190967e+02
2.089701054000911711e+02 2.078854516821749314e+02
2.094096432998590842e+02 2.069862265173705111e+02
2.098630171026543678e+02 2.060938953726648322e+02
2.103307133081627285e+02 2.052089869755791938e+02
2.108126932496757888e+02 2.043317792828832751e+02
2.113089972041030080e+02 2.034625982992441493e+02
2.118197749502801059e+02 2.026018446602755603e+02
2.123451727060770509e+02 2.017499359623820112e+02
2.128853319785675922e+02 2.009073071209032548e+02
2.134408579981231640e+02 2.000747293003165055e+02
2.140115787323106247e+02 1.992524966128179358e+02
2.145974712341007375e+02 1.984410080175081816e+02
2.151986432303009167e+02 1.976407728828552308e+02
2.158152361251150637e+02 1.968523550424205837e+02
2.164479810671048483e+02 1.960768415341601099e+02
2.170962682246443478e+02 1.953142789777201074e+02
2.177601420331524764e+02 1.945652478031345538e+02
2.184396562386787366e+02 1.938303715816721535e+02
2.191355735740378066e+02 1.931110111237681792e+02
2.198470886092448495e+02 1.924070820929229342e+02
2.205741470221191491e+02 1.917192186070970195e+02
2.213170116801531719e+02 1.910484548981046373e+02
2.220757266885375998e+02 1.903956768077905224e+02
2.228496284549943880e+02 1.897609820489373362e+02
