1.973181818181818130e+02 2.861147186147184698e+02
1.969254508784520681e+02 2.851953664415846674e+02
1.965565778417164893e+02 2.842661911614275141e+02
1.962115147128879755e+02 2.833279160564078438e+02
1.958901629193351539e+02 2.823812573433344255e+02
1.955923763828197366e+02 2.814269201610794084e+02
1.953179648883676123e+02 2.804655949859150610e+02
1.950670835890441310e+02 2.794978589719678439e+02
1.948393835503643459e+02 2.785244093604242721e+02
1.946342180785562448e+02 2.775459654089233936e+02
1.944512538102435428e+02 2.765631288417382621e+02
1.942901326898655157e+02 2.755764752812268057e+02
1.941504756087917940e+02 2.745865533472809261e+02
1.940318858985316979e+02 2.735938841080713360e+02
1.939339526471575255e+02 2.725989608475234718e+02
1.938562538155052835e+02 2.716022491136664598e+02
1.937987085748437437e+02 2.706041699751066858e+02
1.937604857353497323e+02 2.696051659955741684e+02
1.937411426660942197e+02 2.686056192266521521e+02
1.937402406715390555e+02 2.676058861666385269e+02
1.937573424079166386e+02 2.666062990176510539e+02
1.937920135918827214e+02 2.656071667188061838e+02
1.938438245005192186e+02 2.646087760376605047e+02
1.939123512742662570e+02 2.636113926994527219e+02
1.939971770355351168e+02 2.626152625363862398e+02
1.940978928364747844e+02 2.616206126417658879e+02
1.942140984496935801e+02 2.606276525162105600e+02
1.943454030157590751e+02 2.596365751953770769e+02
1.944914255610556495e+02 2.586475583506376665e+02
1.946517953991470620e+02 2.576607653559502751e+02
1.948261524282014818e+02 2.566763463157439560e+02
1.950141473363476052e+02 2.556944390500275688e+02
1.952154417260642845e+02 2.547151700341186711e+02
1.954297614740907250e+02 2.537386673671873609e+02
1.956569719468257347e+02 2.527650835029706400e+02
1.958965493171057233e+02 2.517944703166658655e+02
1.961481971641408961e+02 2.508269174900188432e+02
1.964116298148751980e+02 2.498625072818853710e+02
1.966865721710803427e+02 2.489013151972656033e+02
1.969727595099799942e+02 2.479434106124576260e+02
1.972699372636165549e+02 2.469888573581881701e+02
1.975778607815615828e+02 2.460377142627293665e+02
1.978964438585641403e+02 2.450900866451556510e+02
1.982256011855951670e+02 2.441460805875342146e+02
1.985648313229280291e+02 2.432056489447589911e+02
1.989139258525293883e+02 2.422688349727619652e+02
1.992726850400045748e+02 2.413356791138918425e+02
1.996409175618053666e+02 2.404062193490043740e+02
2.000185099421944983e+02 2.394805203888404321e+02
2.004056404358141776e+02 2.385587698494279323e+02
2.008017166583157973e+02 2.376408296715077313e+02
2.012065778169652503e+02 2.367267307234257885e+02
2.016200702826103281e+02 2.358165028442593325e+02
2.020420473444212064e+02 2.349101750715181822e+02
2.024728159802942002e+02 2.340079922359030888e+02
2.029118630803676524e+02 2.331098108641143938e+02
2.033589891108431118e+02 2.322156246090500247e+02
2.038140725778936257e+02 2.313254610507165694e+02
2.042770275419485415e+02 2.304393636269560659e+02
2.047482112768304319e+02 2.295576144191842900e+02
2.052270158242323248e+02 2.286799820929881548e+02
2.057133419145296500e+02 2.278064955770288975e+02
2.062070954185107894e+02 2.269371845699772337e+02
2.067084607446226698e+02 2.260722400113037338e+02
2.072173275248277378e+02 2.252116885682731322e+02
2.077333608996812018e+02 2.243554165478591358e+02
2.082564858089680229e+02 2.235034578716353622e+02
2.087866986902960775e+02 2.226558902641547490e+02
2.093243132877568371e+02 2.218129984821699736e+02
2.098688117106538016e+02 2.209745389424161601e+02
2.104201359413504235e+02 2.201405518529678886e+02
2.109782319255415075e+02 2.193110793350136305e+02
2.115434483220783477e+02 2.184864417677991071e+02
2.121154328080550897e+02 2.176664859597783277e+02
2.126940406186741939e+02 2.168511911002152033e+02
2.132792327385979263e+02 2.160406081473410325e+02
2.138711875622364005e+02 2.152349492945622274e+02
2.144699175631984929e+02 2.144343137369702958e+02
2.150751260092090149e+02 2.136385653553262216e+02
2.156867876847391017e+02 2.128477661619737944e+02
2.163048806482433406e+02 2.120619813342345026e+02
2.169298296404650728e+02 2.112816381549261848e+02
2.175611691435595105e+02 2.105064583468810042e+02
2.181988828112991996e+02 2.097365143797784413e+02
2.188429613020152829e+02 2.089718857221902226e+02
2.194935320813371220e+02 2.082127716496484027e+02
2.201507301566115302e+02 2.074593887107318153e+02
2.208142716819469626e+02 2.067115885479366852e+02
2.214841591086207870e+02 2.059694680618076745e+02
2.221603977458710517e+02 2.052331291421420474e+02
2.228430931159154511e+02 2.045027708396111166e+02
2.235324177722612546e+02 2.037786668454212133e+02
2.242281136093365035e+02 2.030606839850905487e+02
2.249301967477651374e+02 2.023489465194761010e+02
2.256386859295222393e+02 2.016435851564731365e+02
2.263536024659529176e+02 2.009447374042840977e+02
2.270751035853763540e+02 2.002526884541529455e+02
2.278032270951261467e+02 1.995676117933375338e+02
2.285378132427177036e+02 1.988894714315407839e+02
2.292788591852523439e+02 1.982183971602919712e+02
2.300263586272581620e+02 1.975545190549985648e+02
2.307803017891163506e+02 1.968979673871503451e+02
2.315406753329238541e+02 1.962488724816059857e+02
2.323074622934495039e+02 1.956073645686751377e+02
2.330808014167576232e+02 1.949737703649280718e+02
2.338605243404712155e+02 1.943480509321688032e+02
2.346465735599993536e+02 1.937302992243521089e+02
2.354389174338925557e+02 1.931206433409510055e+02
2.362375204573147585e+02 1.925192105060789345e+02
2.370423432308357974e+02 1.919261268971065419e+02
2.378533424369253169e+02 1.913415174705021968e+02
2.386704708244667472e+02 1.907655057853787355e+02
2.394936772015814199e+02 1.901982138252545269e+02
2.403229064370230219e+02 1.896397618185656313e+02
2.411580994703700753e+02 1.890902680584893290e+02
2.419991933312090850e+02 1.885498487226618636e+02
2.428461211674614617e+02 1.880186176933906381e+02
2.436988211287297759e+02 1.874967010134280088e+02
2.445572588655274160e+02 1.869842767100598167e+02
2.454212999861352671e+02 1.864813595018676722e+02
2.462908630853568468e+02 1.859880525565224048e+02
2.471658631528259775e+02 1.855044559081062516e+02
2.480462116550729093e+02 1.850306662929182551e+02
2.489318166266176036e+02 1.845667769900550184e+02
2.498225827698979913e+02 1.841128776673896539e+02
2.507184115637941488e+02 1.836690542335539647e+02
2.516192013804627550e+02 1.832353886965103982e+02
2.525248476101523352e+02 1.828119590292774035e+02
2.534352427936261165e+02 1.823988390433425195e+02
2.543502767617777351e+02 1.819960982702679644e+02
2.552698367819868395e+02 1.816038018519570016e+02
2.561938077107251956e+02 1.812220104400109335e+02
2.571220721518901655e+02 1.808507801045655583e+02
2.580545106203138630e+02 1.804901622529513929e+02
2.589910017098692379e+02 1.801402035584737575e+02
2.599314222655715980e+02 1.798009458995621799e+02
2.608756475590571995e+02 1.794724263094864227e+02
2.618235514668049291e+02 1.791546769367848810e+02
2.627750066504580673e+02 1.788477250164996804e+02
2.637298847385974341e+02 1.785515928522593470e+02
2.646880565093151176e+02 1.782662978091965158e+02
2.656493920729428169e+02 1.779918523176381484e+02
2.666137610542947982e+02 1.777282638874530392e+02
2.675810327737962666e+02 1.774755351328914799e+02
2.685510764268854587e+02 1.772336638077065061e+02
2.695237612610945916e+02 1.770026428502973488e+02
2.704989567502380510e+02 1.767824604385751002e+02
2.714765327651626876e+02 1.765731000542085383e+02
2.724563597405417568e+02 1.763745405558717323e+02
2.734383088372281350e+02 1.761867562610810864e+02
2.744222520997124093e+02 1.760097170361773919e+02
2.754080626082703134e+02 1.758433883939839006e+02
2.763956146254183750e+02 1.756877315986459962e+02
2.773847837363359758e+02 1.755427037771401615e+02
2.783754469829509617e+02 1.754082580369227742e+02
2.793674829914258453e+02 1.752843435891790591e+02
2.803607720928201843e+02 1.751709058771228911e+02
2.813551964367455867e+02 1.750678867087941626e+02
2.823506400978684496e+02 1.749752243937998628e+02
2.833469990217089958e+02 1.748929815157966630e+02
2.843441531903749819e+02 1.748210273951566478e+02
2.853419880002467721e+02 1.747592374790455949e+02
2.863403958138068788e+02 1.747075376623036504e+02
2.873392713380143846e+02 1.746658510373191859e+02
2.883385116883428054e+02 1.746340980434491144e+02
2.893380164456090711e+02 1.746121966168360586e+02
2.903376877057093566e+02 1.746000623401567395e+02
2.913374301224038732e+02 1.745976085918592560e+02
2.923371509433166580e+02 1.746047466944680480e+02
2.933367600393368093e+02 1.746213860615602016e+02
2.943361615014987365e+02 1.746477023033703802e+02
2.953352706014796922e+02 1.746834056287973453e+02
2.963340061473438141e+02 1.747283411232294839e+02
2.973322883645596448e+02 1.747824118597816607e+02
2.983300401672279349e+02 1.748455196853439872e+02
2.993271871534391266e+02 1.749175653537614323e+02
3.003236575956711931e+02 1.749984486556509182e+02
3.013193515371734748e+02 1.750883927741026582e+02
3.023142151432625724e+02 1.751870867443085160e+02
3.033081931838532910e+02 1.752943248751069802e+02
3.043012245119767272e+02 1.754100015297161121e+02
3.052932511438122560e+02 1.755340064168608762e+02
3.062842033241644231e+02 1.756663338685829672e+02
3.072739792699949248e+02 1.758071873001179029e+02
3.082625765980740198e+02 1.759560793569228849e+02
3.092499431831143397e+02 1.761129241951834672e+02
3.102360277696893149e+02 1.762776423377837602e+02
3.112207412911081406e+02 1.764503743181135462e+02
3.122040051834789551e+02 1.766311719331269217e+02
3.131858255864636362e+02 1.768196454725523381e+02
3.141661528138249082e+02 1.770157387397886453e+02
3.151449371799242840e+02 1.772194009654569129e+02
3.161220056417589035e+02 1.774311425561410545e+02
3.170974162874341005e+02 1.776503874333737372e+02
3.180711219254700950e+02 1.778770836546807175e+02
3.190430712378863518e+02 1.781112008059609195e+02
3.200130980249415984e+02 1.783531621437940089e+02
3.209812174212008813e+02 1.786026405754986683e+02
3.219474096365874516e+02 1.788594797416084532e+02
3.229116193728740427e+02 1.791236680511850921e+02
3.238736761804532307e+02 1.793955943113858211e+02
3.248335677449418313e+02 1.796750633929512162e+02
3.257912903019088162e+02 1.799618753202631183e+02
3.267467822028277169e+02 1.802560363737772491e+02
3.276998651611176001e+02 1.805579137218712731e+02
3.286505004671440133e+02 1.808674089170236243e+02
3.295986956433169439e+02 1.811842987435828150e+02
3.305443801219342959e+02 1.815086068911460870e+02
3.314873766615240811e+02 1.818406526312081439e+02
3.324275965394261902e+02 1.821804781383586942e+02
3.333650652387022433e+02 1.825278183544701278e+02
3.342997003307571049e+02 1.828827143150666359e+02
3.352313531013695069e+02 1.832453707434196133e+02
3.361598241354382139e+02 1.836160954251315047e+02
3.370851807337210175e+02 1.839945231049909466e+02
3.380073251092936175e+02 1.843807123972090949e+02
3.389261550346749345e+02 1.847747264433306498e+02
3.398413550511897370e+02 1.851771006413353291e+02
3.407529744146803523e+02 1.855875183276869791e+02
3.416609318423678587e+02 1.860059728851196894e+02
3.425651042573688301e+02 1.864325455763496109e+02
3.434653483033131920e+02 1.868673515047715910e+02
3.443613022293747008e+02 1.873109297276907625e+02
3.452530546801088462e+02 1.877628904998440760e+02
3.461404562045914872e+02 1.882233335274870285e+02
3.470233496840026532e+02 1.886923633250978014e+02
3.479015698532157330e+02 1.891700892324879533e+02
3.487747970382498579e+02 1.896568834443563389e+02
3.496428870798158641e+02 1.901527776936964642e+02
3.505057484829304144e+02 1.906577115873357400e+02
3.513631786974407305e+02 1.911718125757572579e+02
3.522149642894916042e+02 1.916952127074302439e+02
3.530608802881919246e+02 1.922280485266556411e+02
3.539006894996017536e+02 1.927704609381479486e+02
3.547340355683851385e+02 1.933227531407980564e+02
3.555606618541422108e+02 1.938850509779936147e+02
3.563803931175114599e+02 1.944573505110939493e+02
3.571929374212754169e+02 1.950398064939099072e+02
3.579979868808086394e+02 1.956325766355653002e+02
3.587952168126988681e+02 1.962358211495908904e+02
3.595842848631731385e+02 1.968497022239209571e+02
3.603648301215204697e+02 1.974743834027382263e+02
3.611364722250543196e+02 1.981100288705625871e+02
3.618988104637032279e+02 1.987568026284911014e+02
3.626514228940827707e+02 1.994148675521085750e+02
3.633938654748923796e+02 2.000843843203343511e+02
3.641256712377021927e+02 2.007655102044012949e+02
3.648463495096557949e+02 2.014583977063273608e+02
3.655553852072970926e+02 2.021631930367065877e+02
3.662522382236224985e+02 2.028800344224802643e+02
3.669363429335240312e+02 2.036090502366308499e+02
3.676071078459750652e+02 2.043503569435547718e+02
3.682639154345440033e+02 2.051040568563019235e+02
3.689061221810021038e+02 2.058702357050110834e+02
3.695330588697952408e+02 2.066489600197997447e+02
3.701440311738097648e+02 2.074402743361662260e+02
3.707379636518419375e+02 2.082444565426375789e+02
3.713142499416283044e+02 2.090613716913869098e+02
3.718722661482684657e+02 2.098908680933310507e+02
3.724112271031257819e+02 2.107328665068831697e+02
3.729303319349194226e+02 2.115872490751327462e+02
3.734287674458917081e+02 2.124538560260138809e+02
3.739051374571096744e+02 2.133327856941409095e+02
3.743587608373510989e+02 2.142236623880100979e+02
3.747891507875315256e+02 2.151259865235788027e+02
3.751954924158671929e+02 2.160393923941711591e+02
3.755769855752516833e+02 2.169634588993110924e+02
3.759316012787214163e+02 2.178981676010531316e+02
3.762597645337688732e+02 2.188424783069790749e+02
3.765607715705925784e+02 2.197957905768776072e+02
3.768339783079338758e+02 2.207574452583381515e+02
3.770779945597006986e+02 2.217269198811838464e+02
3.772938990668813517e+02 2.227030349319044262e+02
3.774822190415660543e+02 2.236848444599360448e+02
3.776433046322055134e+02 2.246714948207207669e+02
3.777768470976931781e+02 2.256622528960370175e+02
3.778835862733895397e+02 2.266562541453589290e+02
3.779645395716528355e+02 2.276526848153228855e+02
3.780202562985076611e+02 2.286508476625019739e+02
3.780513162680085770e+02 2.296500886884604142e+02
3.780576372002042831e+02 2.306497950946816502e+02
3.780403911467174680e+02 2.316493703293452597e+02
3.780004351775380087e+02 2.326482939317222929e+02
3.779384127993868105e+02 2.336460914854459361e+02
3.778549704331881003e+02 2.346423292430081347e+02
3.777507535396790104e+02 2.356366124632531580e+02
3.776264032095440939e+02 2.366285835446427939e+02
3.774821954737867031e+02 2.376178646688542528e+02
3.773191151407144730e+02 2.386042090090116403e+02
3.771378378275226169e+02 2.395873707096430678e+02
3.769389579215578010e+02 2.405671230435924031e+02
3.767230544826018672e+02 2.415432654283108889e+02
3.764906901771751677e+02 2.425156213584087368e+02
3.762424104757058672e+02 2.434840364089601792e+02
3.759787430819660585e+02 2.444483763235491551e+02
3.757001975657471462e+02 2.454085251970300021e+02
3.754072651716235214e+02 2.463643837595574837e+02
3.751004187787299315e+02 2.473158677655781617e+02
3.747801129886333342e+02 2.482629064891164319e+02
3.744467843205743520e+02 2.492054413247867899e+02
3.741008514954838233e+02 2.501434244924613211e+02
3.737427157922506922e+02 2.510768178423655286e+02
3.733727614616574897e+02 2.520055917565169068e+02
3.729913561852206385e+02 2.529297241418111923e+02
3.725986717204185652e+02 2.538491213599837124e+02
3.721951093943101228e+02 2.547637951148165598e+02
3.717810927095857778e+02 2.556737833011409577e+02
3.713569300690979844e+02 2.565790859996943709e+02
3.709229157815835265e+02 2.574797070025724679e+02
3.704793306126060770e+02 2.583756532350057000e+02
3.700264423301430838e+02 2.592669342334284011e+02
3.695645062413736923e+02 2.601535616750094846e+02
3.690935030289156771e+02 2.610354068116711801e+02
3.686137885398707681e+02 2.619125422922494977e+02
3.681257232736665514e+02 2.627850575191169469e+02
3.676295186298510203e+02 2.636529695069760919e+02
3.671253759241373018e+02 2.645162956554799507e+02
3.666134868391075656e+02 2.653750534986734806e+02
3.660936473603981085e+02 2.662290225152478342e+02
3.655663711547920229e+02 2.670784182352335279e+02
3.650318760355642098e+02 2.679232892660622838e+02
3.644903196049854159e+02 2.687636521467458124e+02
3.639418517420587023e+02 2.695995225951569978e+02
3.633862085779335871e+02 2.704306408820435195e+02
3.628238979790629060e+02 2.712572610755622122e+02
3.622550912058703148e+02 2.720794242213597727e+02
3.616799105491018622e+02 2.728971419116967354e+02
3.610983211091345879e+02 2.737103153686526298e+02
3.605102938182736239e+02 2.745188450002000877e+02
3.599162333135038239e+02 2.753229509771972516e+02
3.593162384206670481e+02 2.761226390116292464e+02
3.587104026791000138e+02 2.769179130432765419e+02
3.580983866499206556e+02 2.777084408649187708e+02
3.574807080053975028e+02 2.784945504752895999e+02
3.568574501701783106e+02 2.792762439456408288e+02
3.562286872616316487e+02 2.800535176171399030e+02
3.555941786636561233e+02 2.808261086432014508e+02
3.549542047592445329e+02 2.815941772715383422e+02
3.543089335262584996e+02 2.823578004053881045e+02
3.536584220777640439e+02 2.831169654827006070e+02
3.530025199380344247e+02 2.838714789687901430e+02
3.523412993517364384e+02 2.846213350273469587e+02
3.516749984684898891e+02 2.853666796588591978e+02
3.510036592109084950e+02 2.861074899707375039e+02
3.503272422436364764e+02 2.868436682371574875e+02
3.496455789547719633e+02 2.875749909466858867e+02
3.489589939279564987e+02 2.883016936496309768e+02
3.482675151831544440e+02 2.890237414020552933e+02
3.475711674554510751e+02 2.897410958872504807e+02
3.468697375681207404e+02 2.904534823780057877e+02
3.461633958849624264e+02 2.911609977887533205e+02
3.454522519815058104e+02 2.918636854078358169e+02
3.447363176433684657e+02 2.925614920092039029e+02
3.440156015037676411e+02 2.932543601260841797e+02
3.432898705061304554e+02 2.939419740296669374e+02
3.425593337229045687e+02 2.946244785494972120e+02
3.418240253573759446e+02 2.953018387640760807e+02
3.410839220581535756e+02 2.959739566079472866e+02
3.403389997437416241e+02 2.966407303430639786e+02
3.395891816905231622e+02 2.973019950036063506e+02
3.388343275070999425e+02 2.979575044165700319e+02
3.380746005588443950e+02 2.986073585594274959e+02
3.373099828842058514e+02 2.992514503150101177e+02
3.365404582281193484e+02 2.998896712568607086e+02
3.357660121253776992e+02 3.005219116990754173e+02
3.349866319846493639e+02 3.011480607509778338e+02
3.342022750997891762e+02 3.017679654434676877e+02
3.334128311312193773e+02 3.023813782683328100e+02
3.326184368479860609e+02 3.029883650065528968e+02
3.318190879486371614e+02 3.035888108363763536e+02
3.310147824112965509e+02 3.041826000744757721e+02
3.302055205763909385e+02 3.047696162610320130e+02
3.293913052282820217e+02 3.053497422503411940e+02
3.285721416754913093e+02 3.059228603069867063e+02
3.277480378291876946e+02 3.064888522075971764e+02
3.269190042796000739e+02 3.070475993481867363e+02
3.260850543700005915e+02 3.075989828570528175e+02
3.252461498743354582e+02 3.081427989365689086e+02
3.244023374365075369e+02 3.086789671038462757e+02
3.235536732962123097e+02 3.092074211040152818e+02
3.227001822592544613e+02 3.097280423125071138e+02
3.218418921912683004e+02 3.102407124615601788e+02
3.209788340699747664e+02 3.107453137832174548e+02
3.201110420324491770e+02 3.112417291569332747e+02
3.192385534170186929e+02 3.117298422615279492e+02
3.183614087994131410e+02 3.122095377311974858e+02
3.174796520228012469e+02 3.126807013152475747e+02
3.165933302213567799e+02 3.131432200411900340e+02
3.157024938370130371e+02 3.135969823808046613e+02
3.148071966290814885e+02 3.140418784187377241e+02
3.139074956764306989e+02 3.144778000231736996e+02
3.130034513719459710e+02 3.149046410180900466e+02
3.120951274090163565e+02 3.153222973565713687e+02
3.111825907598241656e+02 3.157306672946360777e+02
3.102659116452465469e+02 3.161296515649996763e+02
3.093451634962116259e+02 3.165191535501814428e+02
3.084204229063919342e+02 3.168990794543369702e+02
3.074917695761544110e+02 3.172693384731859965e+02
3.065592862477321319e+02 3.176298429613925691e+02
3.056230586316243034e+02 3.179805085967424816e+02
3.046831753242774425e+02 3.183212545404637694e+02
3.037397277171476730e+02 3.186520035930304857e+02
3.027928098972906810e+02 3.189726823447953734e+02
3.018425185396748702e+02 3.192832213208080248e+02
3.008889527914598716e+02 3.195835551191845525e+02
2.999322141485316706e+02 3.198736225424157738e+02
2.989724063246307537e+02 3.201533667210193812e+02
2.980096351134549195e+02 3.204227352289732380e+02
2.970440082441647860e+02 3.206816801903950704e+02
2.960756352307564612e+02 3.209301583769691888e+02
2.951046272158103534e+02 3.211681312956642387e+02
2.941310968091555651e+02 3.213955652663231604e+02
2.931551579220259214e+02 3.216124314887613878e+02
2.921769255973105714e+02 3.218187060990514965e+02
2.911965158365262027e+02 3.220143702147300928e+02
2.902140454241609291e+02 3.221994099687170774e+02
2.892296317500527039e+02 3.223738165317915332e+02
2.882433926304795477e+02 3.225375861235291381e+02
2.872554461286429728e+02 3.226907200116632453e+02
2.862659103752303054e+02 3.228332244998920260e+02
2.852749033897353570e+02 3.229651109042098938e+02
2.842825429032131410e+02 3.230863955179044069e+02
2.832889461831274502e+02 3.231970995654099283e+02
2.822942298609373779e+02 3.232972491452704276e+02
2.812985097630437394e+02 3.233868751625120126e+02
2.803019007456940699e+02 3.234660132507773938e+02
2.793045165344128122e+02 3.235347036846222295e+02
2.783064683210091061e+02 3.235929677737453858e+02
2.773078628922681332e+02 3.236407374269646198e+02
2.763088181898149287e+02 3.236781929270615592e+02
2.753094423423162880e+02 3.237053917147729294e+02
2.743098416416008263e+02 3.237223953362656630e+02
2.733101204172614302e+02 3.237292693077182548e+02
2.723103809186729904e+02 3.237260829736753749e+02
2.713107232046800164e+02 3.237129093598028362e+02
2.703112450411624650e+02 3.236898250206849639e+02
2.693120418066433217e+02 3.236569098833111298e+02
2.683132064060530979e+02 3.236142470868962846e+02
2.673148291927245168e+02 3.235619228196821950e+02
2.663170163145177867e+02 3.234997534963962948e+02
2.653198457079660102e+02 3.234280305742063888e+02
2.643233943615773569e+02 3.233469368042138399e+02
2.633277404863234210e+02 3.232565820466518289e+02
2.623329601478152995e+02 3.231570682268636006e+02
2.613391275729273957e+02 3.230484896168708815e+02
2.603463154371659130e+02 3.229309331030388535e+02
2.593546434342898124e+02 3.228041153286258123e+02
2.583641519295913440e+02 3.226683948624763616e+02
2.573749022196273017e+02 3.225239071362191225e+02
2.563869635339866022e+02 3.223707121540032858e+02
2.554004047825804662e+02 3.222088635721602259e+02
2.544152994426934526e+02 3.220383826019148614e+02
2.534317976096527616e+02 3.218588826476551503e+02
2.524498933657876023e+02 3.216708481505871760e+02
2.514696566204043222e+02 3.214743091422330963e+02
2.504911580004922484e+02 3.212692900045455531e+02
2.495144690456926071e+02 3.210558095763701090e+02
2.485397489883493165e+02 3.208335101170546864e+02
2.475670259866289769e+02 3.206026346016150228e+02
2.465963460410337120e+02 3.203633187216950660e+02
2.456277864875608543e+02 3.201155601390489664e+02
2.446614265701335000e+02 3.198593513435653222e+02
2.436974320866552262e+02 3.195943783729591701e+02
2.427358706330427367e+02 3.193207120632435476e+02
2.417767716193433785e+02 3.190385411670775966e+02
2.408202242100740307e+02 3.187478380806556402e+02
2.398663205694491865e+02 3.184485702017775566e+02
2.389152247880535356e+02 3.181404914712464347e+02
2.379670733220382601e+02 3.178234699480332210e+02
2.370218738974633652e+02 3.174977569906554322e+02
2.360797332972619813e+02 3.171633004138349747e+02
2.351407626022421766e+02 3.168200430853466969e+02
2.342050782666075293e+02 3.164679208808660178e+02
2.332729895719713511e+02 3.161063884158986639e+02
2.323444432974554559e+02 3.157358580219731721e+02
2.314195708227922239e+02 3.153562532607749063e+02
2.304985094386510411e+02 3.149674927805408515e+02
2.295814027221476294e+02 3.145694903225939925e+02
2.286684118197189548e+02 3.141621306829982814e+02
2.277598742677195105e+02 3.137449337146857715e+02
2.268557720870828689e+02 3.133182150825087433e+02
2.259562778653406099e+02 3.128818699277248925e+02
2.250615726061954263e+02 3.124357887131280904e+02
2.241718462272064585e+02 3.119798573013514442e+02
2.232872980806133114e+02 3.115139570542164620e+02
2.224081374974462051e+02 3.110379649566133367e+02
2.215347385332329964e+02 3.105514810978874038e+02
2.206672155979953800e+02 3.100545982161403913e+02
2.198057755528444090e+02 3.095472460634174467e+02
2.189506725280663204e+02 3.090292871338301097e+02
2.181021735696958501e+02 3.085005807153985984e+02
2.172605592998978921e+02 3.079609832476864426e+02
2.164261245912306606e+02 3.074103487373516259e+02
2.155991792511203471e+02 3.068485292380349847e+02
2.147800487119837101e+02 3.062753754013643288e+02
2.139690747214191902e+02 3.056907371061645335e+02
2.131666160257408933e+02 3.050944641732193077e+02
2.123730490388467729e+02 3.044864071730931414e+02
2.115887684869884140e+02 3.038664183345788956e+02
2.108141880184457477e+02 3.032343525612432700e+02
2.100497407654144126e+02 3.025900685632748264e+02
2.092958798435870165e+02 3.019334301113449897e+02
2.085530787729871918e+02 3.012643074184400689e+02
2.078218318016102160e+02 3.005825786545529468e+02
2.071026541113858741e+02 2.998881315976943256e+02
2.063960818839573506e+02 2.991808654228408955e+02
2.057026722018346163e+02 2.984606926281384744e+02
2.050230027587132042e+02 2.977275410948673198e+02
2.043576713512556182e+02 2.969813562743347575e+02
2.037072951235312814e+02 2.962221034909487685e+02
2.030725095347395950e+02 2.954497703462546951e+02
2.024539670209516373e+02 2.946643692036933544e+02
2.018523353225656365e+02 2.938659397283303747e+02
2.012682954511479920e+02 2.930545514498812736e+02
2.007025392724936808e+02 2.922303063111651795e+02
2.001562680074453624e+02 2.913930213011337855e+02
1.996298038510542483e+02 2.905431491284887215e+02
1.991237945142801493e+02 2.896809473422904375e+02
1.986389415878784916e+02 2.888066767274221434e+02
1.981759382980355610e+02 2.879206415236456564e+02
1.977354645779555540e+02 2.870231906714702745e+02
